version: 1
creator: callgrind-3.11.0
pid: 3323
cmd:  ./poker whacy.txt 100000
part: 1


desc: I1 cache: 
desc: D1 cache: 
desc: LL cache: 

desc: Timerange: Basic block 0 - 1240417918
desc: Trigger: Program termination

positions: line
events: Ir
summary: 5293492262


ob=(2) ???
fl=(16) ???
fn=(82) 0x0000000004000ab0
0 1
cob=(1) /lib/x86_64-linux-gnu/ld-2.23.so
cfi=(17) /build/glibc-LK5gWL/glibc-2.23/elf/dl-minimal.c
cfn=(84) free
calls=1 120 
0 6

fn=(618) 0x0000000004a28570
0 1
cob=(3) /lib/x86_64-linux-gnu/libc-2.23.so
cfi=(133) /build/glibc-LK5gWL/glibc-2.23/stdlib/cxa_finalize.c
cfn=(620) __cxa_finalize
calls=1 31 
0 56

fn=(632) 0x0000000004a287b8
0 3

fn=(274) 0x0000000000400800
0 6

fn=(490) 0x0000000004c498a8
0 3000002
cob=(3)
cfi=(75) /build/glibc-LK5gWL/glibc-2.23/malloc/malloc.c
cfn=(442) free
calls=3000002 2934 
0 51000279

fn=(216) 0x0000000004a28530
0 6

fn=(302) 0x0000000004c498a0
0 4
cob=(3)
cfi=(75)
cfn=(304) malloc
calls=4 2902 
0 61373

fn=(610) 0x0000000000403d14
0 3

ob=(5) /home/student/learn2prog/c4prj3_finish/poker
fl=(65) ???
fn=(252) _start
0 11
cob=(1)
cfi=(66) /build/glibc-LK5gWL/glibc-2.23/elf/../sysdeps/x86_64/dl-trampoline.h
cfn=(260) _dl_runtime_resolve_xsave
calls=1 71 
0 5293399539
0 5

fn=(272) __libc_csu_init
0 15
cob=(2)
cfi=(16)
cfn=(274)
calls=1 0 
0 6
0 8
cfn=(278) 0x0000000000400d00
calls=1 0 
0 16
0 11

fn=(604) 0x0000000000400c60
0 8

fn=(278)
0 16

fn=(600) 0x0000000000400ce0
0 5
cfn=(604)
calls=1 0 
0 8
0 3

fl=(73) /home/student/learn2prog/c4prj3_finish/main.c
fn=(292) main
37 11
+3 3
+6 4
cob=(1)
cfi=(66)
cfn=(261) _dl_runtime_resolve_xsave'2
calls=1 +25 
* 61293
* 5
+1 1
-1 1
+1 1
+7 1
-1 1
+1 1
cob=(1)
cfi=(66)
cfn=(261)
calls=1 +17 
* 1075
* 5
+3 3
-2 1
+1 1
-2 1
+3 1
cfi=(87) /home/student/learn2prog/c4prj3_finish/input.c
cfn=(358) read_input
calls=1 -17 
* 38504
+3 2
-3 1
+3 1
cfi=(97) /home/student/learn2prog/c4prj3_finish/deck.c
cfn=(444) build_remaining_deck
calls=1 +29 
* 33800
* 1
+1 6
+1 1
-1 1
+1 4
cob=(1)
cfi=(66)
cfn=(261)
calls=1 +9 
* 900
* 5
+4 2
-2 2
+4 1
-1 1
+1 1
cfi=(97)
cfn=(462) shuffle
calls=1 -43 
* 1789
* 99999
-1 99999
+1 99999
cfi=(97)
cfn=(462)
calls=99999 -43 
* 91347473
+1 300000
cfi=(101) /home/student/learn2prog/c4prj3_finish/future.c
cfn=(472) future_cards_from_deck
calls=100000 -37 
* 22000000
+1 300000
cfn=(474) get_best_hand_idx
calls=100000 -59 
* 5178575700
* 100000
+1 100000
-4 200000
+8 8
+2 1
fi=(128) /usr/include/x86_64-linux-gnu/bits/stdio2.h
+27 6
fe=(73)
-29 1
fi=(128)
+29 5
cob=(1)
cfi=(66)
cfn=(261)
calls=1 -33 
* 5401
* 5
fe=(73)
-27 5
fi=(128)
+27 30
fe=(73)
-29 5
fi=(128)
+29 25
cob=(3)
cfi=(111) /build/glibc-LK5gWL/glibc-2.23/debug/printf_chk.c
cfn=(514) __printf_chk
calls=5 -78 
* 18223
* 5
fe=(73)
-29 18
fi=(128)
+29 4
fe=(73)
-22 1
fi=(128)
+22 1
cob=(3)
cfi=(111)
cfn=(514)
calls=1 -78 
* 920
* 1
fe=(73)
-22 3
+1 3
cfi=(97)
cfn=(570) free_deck
calls=1 +28 
* 966
* 15
cfi=(97)
cfn=(570)
calls=5 +28 
* 4830
-1 12
+3 2
cob=(3)
cfi=(75)
cfn=(442)
calls=1 2934 
* 100
* 1
+1 7
+1 24
-1 12
+1 6
cob=(3)
cfi=(75)
cfn=(442)
calls=6 2934 
* 600
* 6
-1 18
+3 2
cob=(3)
cfi=(75)
cfn=(442)
calls=1 2934 
* 100
* 1
+1 2
cob=(3)
cfi=(75)
cfn=(442)
calls=1 2934 
* 100
* 1
+1 2
cfi=(97)
cfn=(570)
calls=1 +20 
* 3671
+4 2
cob=(1)
cfi=(66)
cfn=(261)
calls=1 -24 
* 1452
* 5
* 2
+6 11
fi=(98) /usr/include/stdlib.h
280 4
cob=(3)
cfi=(99) /build/glibc-LK5gWL/glibc-2.23/stdlib/../stdlib/strtol.c
cfn=(430) strtol
calls=1 106 
* 214
* 1
fe=(73)
67 1
fi=(98)
280 1
fe=(73)
67 2

fn=(474)
11 1300000
+1 900000
+1 100000
-1 100000
+1 600000
cob=(3)
cfi=(104) /build/glibc-LK5gWL/glibc-2.23/string/../sysdeps/x86_64/multiarch/memset-avx2.S
cfn=(458) __memset_avx2
calls=100000 +25 
* 1800000
* 100000
+3 800000
-1 500000
+1 3000000
+2 582936
-2 5991644
+1 4500000
cfi=(107) /home/student/learn2prog/c4prj3_finish/eval.c
cfn=(476) compare_hands
calls=1500000 156 
* 5140945708
+1 3000000
+1 917064
+1 2089
-4 4178
+4 2089
-4 5312
-1 1134
+1 999244
-1 1498866
+9 600000
+1 500000
-1 200000
+1 3000000
-1 1200000
+4 530990
+1 24792
-1 51650
+2 10330
-1 6198
+1 6198
-1 10330
+1 10330
+3 4388
+2 1100000
-16 3664032
+9 6198

fl=(107)
fn=(494) build_hand_from_match
127 14640360
+3 1220030
-3 3660090
+7 8540210
cob=(3)
cfi=(110) /build/glibc-LK5gWL/glibc-2.23/string/../sysdeps/x86_64/multiarch/memcpy-avx-unaligned.S
cfn=(502) __memcpy_avx_unaligned
calls=1220029 -93 
* 19520464
cob=(1)
cfi=(66)
cfn=(261)
calls=1 -63 
* 946
* 1220034
* 1220030
+3 2440060
+1 2440060
+1 1814650
+1 907325
+1 1814650
-3 1814650
+1 1395450
+1 697725
+1 1395450
-3 1395450
+1 1099630
+1 549815
+1 1099630
+11 2440060
+1 2440060
-1 13420330
+1 12200300
-15 357510
+6 2680860
+1 2010645
-1 670215
+2 670215
-2 1340430
+1 2010645
+1 670215
+1 1340430
-3 1566915
+1 1044610
+1 522305
+1 1044610
-3 938115
+1 312705
+1 312705
+1 312705
-2 312705
+2 312705

fn=(492) evaluate_hand
286 21000000
18 3000000
286 15000000
23 3000000
-6 3000000
+6 21000000
+2 33766740
+4 23798525
-6 9519410
+6 9996235
-6 19992470
+1 21000000
+1 69244060
+2 6244060
-4 13645365
+12 6000000
+1 5988770
+1 8075355
290 1597100
cfn=(504) find_straight
calls=319420 -36 
* 73754660
* 955095
182 632510
cob=(3)
cfi=(75)
cfn=(304)
calls=316255 2902 
* 32890520
* 316255
* 5361160
cob=(3)
cfi=(75)
cfn=(304)
calls=2680580 2902 
* 278780320
* 2680580
+15 2996835
-15 2996835
+15 29968350
+11 271617840
+1 15089880
-1 30179760
+1 6938805
-1 4625870
+1 212730
-1 141820
+1 1545
-1 1030
+1 30179760
+2 15089880
+1 45269640
-15 30179760
+15 5782260
-15 5782260
+1 107886060
+1 2891130
+1 5782260
+1 10691780
+1 485990
-1 971980
+1 1457970
-1 971980
+1 61965
-1 41310
+1 375
-1 972230
28 9491390
-2 10501080
+10 605200
208 39170265
44 29968350
+2 89905050
-1 5993670
297 5993670
53 16958560
-1 12054030
+1 3064800
+9 1532400
+2 1532400
-3 1532400
+1 3064800
+3 1532400
-1 1532400
+1 1532400
-3 1464435
+2 1464435
-3 1464435
+1 2928870
+3 1464435
-1 1464435
+1 10365235
-2 57170490
+1 33331900
+1 61112875
300 595085
cob=(3)
cfi=(75)
cfn=(442)
calls=595085 2934 
* 59508500
* 595085
65 21740
300 10870
cob=(3)
cfi=(75)
cfn=(442)
calls=10870 2934 
* 1087000
* 10870
+1 2423820
+3 1279020
138 201330
+1 19515
-1 19515
+1 19515
-1 19515
+1 33470
+13 133880
305 133880
+1 16735
+2 16735
152 66940
306 16735
+1 16735
152 16735
308 50205
-1 16735
+1 83675
152 45080
305 45080
+1 5635
+2 5635
152 22540
306 5635
+1 5635
152 5635
308 16905
-1 5635
+1 28815
138 6400
+1 1070
+13 9886690
300 2390880
cob=(3)
cfi=(75)
cfn=(442)
calls=2390880 2934 
* 239088000
* 2390880
+1 4781760
+9 4780480
+3 283580
-2 283580
+2 283580
-12 948765
+12 5432865
+1 6381630
+1 1581275
+1 1581275
+1 3478805
+9 4427570
+26 948765
-26 10951850
+26 32051235
35 2940100
291 6330
+19 1167170
+1 65350
68 2106660
255 5315140
+3 5315140
105 5315140
258 5315140
105 5315140
-1 37601325
+1 14963290
-28 22444935
+1 85179975
+1 43978665
+1 7405025
+1 14810050
-4 9584985
+1 9584985
-1 9584985
258 31563130
+70 4844940
+3 4721000
+1 1088020
135 544010
+3 544010
-3 2720050
+3 544010
+1 222240
-1 222240
+1 222240
-1 222240
+1 107225
-1 107225
+1 107225
-1 107225
+1 78620
+13 78620
336 39310
152 196550
334 39310
152 39310
333 314480
152 39310
334 39310
152 157240
334 39310
+1 78620
+1 39310
152 1009400
336 504700
152 2523500
334 504700
152 504700
333 4037600
152 504700
334 504700
152 2018800
334 504700
+1 1009400
+1 504700
+1 666720
45 5993670
234 392960
+1 1178880
+9 66150
-10 1704140
+1 1704140
+1 3408280
+1 3079500
+5 982400
+2 982400
-5 982400
+1 982400
-7 1964800
+92 470200
65 21740
-2 21740
348 3632980
144 1192920
+1 596460
-1 596460
+1 596460
-1 596460
+1 596460
-1 596460
+1 596460
-1 596460
+1 596460
-1 596460
+1 596460
-1 596460
+1 596460
-1 596460
+1 596460
-1 596460
+1 1192920
+7 1192920
-47 5764160
258 2882080
77 2882080
258 5515350
77 12286150
+1 52240755
+1 20163585
+1 2801755
+1 5603510
+26 474375
-2 15285125
264 38620
+2 427740
+2 68315
+1 136630
144 210
+1 315
38 5383960
234 231720
+10 7465
-10 246650
+1 246650
+1 493300
+1 478370
+5 154480
+2 154480
-5 154480
+1 154480
-7 347580
339 643540
+2 749055
138 2780
+2 2780
+4 16905
+1 5635
-1 11270
+1 5635
-1 5635
+1 78875
-7 557730
+1 54595
-1 54595
+1 54595
-1 54595
+1 85940
+13 123940
-14 8565
344 216255
40 5361160
349 7320180
cfn=(494)
calls=1220030 127 
* 117818704
* 2440060
138 67915
+2 67915
+4 1514100
+1 1009400
-1 1514100
+1 1009400
+1 504700
+1 504700
-2 504700
+2 504700
-3 1310355
+1 1310355
-7 115015
+2 230030
-2 976935
+2 11625
+4 57000
+1 19000
-1 38000
+1 19000
-1 19000
+1 57000
-7 22125

fn=(504)
254 2235940
+1 1277680
105 319420
258 3194200
119 5693730
cfn=(506) is_n_length_straight_at
calls=948955 -43 
* 22138445
260 2846865
-2 2846535
104 4760050
+1 1661325
-18 974085
+1 1948170
+3 1941900
+14 1941900
-29 3896340
+31 8070
+1 6270
+1 12380
262 12220
+2 3055
+1 3055
-1 6110
+4 5135
+1 10270
-3 24570
+1 6250
+4 18330
cfn=(508) copy_straight
calls=3055 -42 
* 308960
+5 3055
+4 2554480
89 5488875
+1 3529065
+1 3170960
+1 179685
+1 710670
266 220
-5 110
+13 770
cfn=(508)
calls=110 -45 
* 14520
+6 110
-4 110
+4 770

fn=(476)
156 6000000
+1 3000000
-1 1500000
+1 3000000
-1 4500000
+1 1500000
cob=(3)
cfi=(108) /build/glibc-LK5gWL/glibc-2.23/stdlib/msort.c
cfn=(482) qsort
calls=1499999 308 
* 1117885516
cob=(1)
cfi=(66)
cfn=(261)
calls=1 -86 
* 1667
* 1500004
+1 7500000
cob=(3)
cfi=(108)
cfn=(482)
calls=1500000 308 
* 1161568007
* 1500000
+2 4500000
cfn=(492)
calls=1500000 286 
* 1420256517
+1 3000000
-1 1500000
+1 1500000
cfn=(492)
calls=1500000 286 
* 1380255922
+2 4500000
+1 1124115
+4 1746235
+1 185146
-1 275855
+1 36184
-1 166890
+1 16832
-1 58560
+1 5399
-1 15156
+1 18945
+3 10500000
-8 1828758

fn=(488) card_ptr_comp
9 140985005
+1 9178882
+1 5872124
-2 38287870
+5 25260939

fn=(508)
229 9495
+1 18990
+3 3165
-2 3165
+2 3165
+1 9495
+1 25320
+9 1005
-10 21220
+1 31830
+1 53050
+1 27550
+1 26750
+1 12770
+3 12770
-2 12770
+4 12770
-11 25540
+13 12660

fn=(506)
76 948955
-1 948955
+1 948955
+11 948955
-4 948955
+5 1897910
+12 264815
-11 5464845
+1 3892020
+1 3376020
+1 161460
+1 322920
-4 645400
-6 1368060
-2 110
+19 110

fl=(96) /home/student/learn2prog/c4prj3_finish/cards.c
fn=(416) card_from_letters
68 120
+1 3
+9 77
+2 14
-2 14
+1 18
+6 12
+1 6
-1 16
+1 8
-8 2
-6 2
+6 2
+3 5
+4 10
+1 5
-16 4
+1 10
+2 2
+1 33
+8 20
+3 10
+1 5

fn=(448) card_from_num
90 416
+1 52
-1 156
+14 156
+1 52

fl=(97)
fn=(444)
89 7
+2 3
cob=(3)
cfi=(75)
cfn=(304)
calls=1 2902 
* 195
* 1
+5 1
-5 1
+1 1
+1 1
+3 2
+1 36
+1 18
cob=(3)
cfi=(75)
cfn=(400) realloc
calls=6 2974 
* 899
* 6
* 108
cob=(3)
cfi=(75)
cfn=(400)
calls=36 2974 
* 4816
* 36
+1 42
-1 42
+1 210
+1 42
-3 42
+3 42
-3 84
-1 18
+9 2
cfn=(446) make_deck_exclude
calls=1 -27 
* 26901
+1 1
-1 1
+1 1
cob=(3)
cfi=(75)
cfn=(442)
calls=1 2934 
* 130
* 1
+1 2
cob=(3)
cfi=(75)
cfn=(442)
calls=1 2934 
* 100
* 1
+2 7

fn=(446)
78 7
+1 1
+3 1
-4 1
+1 1
cob=(3)
cfi=(75)
cfn=(304)
calls=1 2902 
* 195
* 1
* 1
+1 1
+1 2
+2 2
cfi=(96)
cfn=(448)
calls=1 +7 
* 16
* 102
cfi=(96)
cfn=(448)
calls=51 +7 
* 816
-68 52
+68 260
-68 104
+1 104
+1 232
-2 5094
+1 1666
+1 4166
+65 60
+5 9
-33 32
+28 32
-28 32
cob=(3)
cfi=(75)
cfn=(304)
calls=32 2902 
* 6487
* 32
* 32
+2 32
+1 32
+2 128
cob=(3)
cfi=(75)
cfn=(400)
calls=32 2974 
* 6912
* 32
+2 32
-2 32
+2 32
+2 32
+19 32
-19 32
+19 32

fn=(462)
25 500000
+3 100000
-2 100000
+4 500000
+1 100000
cob=(3)
cfi=(105) /build/glibc-LK5gWL/glibc-2.23/stdlib/random.c
cfn=(468) random
calls=99999 288 
* 4296731
cob=(1)
cfi=(66)
cfn=(261)
calls=1 +40 
* 914
* 100004
* 1500000
cob=(3)
cfi=(105)
cfn=(468)
calls=1500000 288 
* 64451613
* 1500000
+2 1600000
-1 1600000
+1 8000000
-3 1600000
+4 1600000
-4 3200000
+6 600000

fn=(420) add_empty_card
66 54
+1 18
-1 18
+1 18
cob=(3)
cfi=(75)
cfn=(304)
calls=18 2902 
* 3510
* 18
* 18
+1 18
+1 18
+3 72
cob=(3)
cfi=(75)
cfn=(400)
calls=18 2974 
* 4773
* 18
+1 18
-1 18
+1 18
+1 18
+2 18
-2 18
+2 72

fn=(570)
111 35
+1 21
+1 28
cob=(3)
cfi=(75)
cfn=(442)
calls=7 2934 
* 700
* 7
* 268
cob=(3)
cfi=(75)
cfn=(442)
calls=67 2934 
* 6700
* 67
-1 148
+4 14
cob=(3)
cfi=(75)
cfn=(442)
calls=7 2934 
* 730
* 7
+2 7
-1 7
+1 14
-1 7
cob=(3)
cfi=(75)
cfn=(442)
calls=7 2934 
* 700
* 7

fn=(418) add_card_to
52 120
+2 48
cob=(3)
cfi=(75)
cfn=(304)
calls=24 2902 
* 4134
* 24
+2 24
+1 24
-3 24
+3 24
+2 96
cob=(3)
cfi=(75)
cfn=(400)
calls=24 2974 
* 3690
* 24
+2 24
-2 24
+2 24
+2 48
+1 96

fl=(101)
fn=(472)
32 300000
+5 600000
+1 4800000
+2 1800000
-1 600000
+1 600000
+1 1200000
-2 600000
+1 3600000
-1 1200000
+1 1200000
+1 2400000
-2 1800000
-2 1300000

fn=(434) add_future_card
9 144
+1 66
+8 18
cob=(3)
cfi=(75)
cfn=(400)
calls=6 2974 
* 2197
* 6
+1 6
-1 6
+1 6
+2 6
-2 12
-2 6
+2 6
+1 6
+1 6
-4 6
+6 6
+1 6
-1 24
cob=(3)
cfi=(75)
cfn=(400)
calls=6 2974 
* 1259
* 6
* 48
cob=(3)
cfi=(75)
cfn=(400)
calls=12 2974 
* 1560
* 12
* 18
+2 90
+1 36
+3 108
-18 12
+1 36

fl=(87)
fn=(408) hand_from_string
8 36
+4 6
-4 12
+1 6
-1 30
+1 6
cob=(3)
cfi=(75)
cfn=(304)
calls=6 2902 
* 1079
* 6
* 6
+1 6
+1 6
-2 12
cob=(3)
cfi=(95) /build/glibc-LK5gWL/glibc-2.23/string/../sysdeps/x86_64/strlen.S
cfn=(414) strlen
calls=5 +57 
* 170
cob=(1)
cfi=(66)
cfn=(261)
calls=1 +62 
* 949
* 10
+3 6
+15 24
+2 24
-2 24
cfi=(96)
cfn=(416)
calls=24 +41 
* 398
+1 72
cfi=(97)
cfn=(418)
calls=24 +24 
* 8448
* 48
cob=(3)
cfi=(95)
cfn=(414)
calls=24 +38 
* 816
* 24
-16 282
+1 318
+1 84
+1 18
+1 18
-2 18
+2 18
cob=(3)
cfi=(95)
cfn=(414)
calls=18 +50 
* 612
* 18
+2 18
-2 36
+2 18
-2 18
+2 18
-2 18
+2 162
+1 18
-1 18
+2 18
+1 36
-3 36
+5 18
+1 18
-1 18
+1 18
cfi=(97)
cfn=(420)
calls=18 +42 
* 8733
fi=(98)
280 54
fe=(87)
24 18
fi=(98)
280 18
cob=(3)
cfi=(99)
cfn=(430)
calls=17 106 
* 1853
cob=(1)
cfi=(66)
cfn=(261)
calls=1 71 
* 1030
* 22
fe=(87)
24 72
cfi=(101)
cfn=(434)
calls=18 -15 
* 5718
* 54
cob=(3)
cfi=(95)
cfn=(414)
calls=18 +42 
* 612
* 18
* 18
+9 18
+5 66

fn=(358)
40 8
+2 1
-1 1
-1 5
+3 1
+1 1
+2 4
cob=(1)
cfi=(66)
cfn=(261)
calls=1 +25 
* 1673
* 5
* 24
cob=(3)
cfi=(88) /build/glibc-LK5gWL/glibc-2.23/stdio-common/getline.c
cfn=(364) getline
calls=6 -14 
* 1023
* 6
* 14
+1 30
cob=(3)
cfi=(75)
cfn=(400)
calls=5 2974 
* 1056
cob=(1)
cfi=(66)
cfn=(261)
calls=1 +24 
* 1183
* 10
+1 12
-1 6
+1 6
cfn=(408)
calls=6 -40 
* 32400
+1 12
+1 6
+1 12
+2 2
cob=(1)
cfi=(66)
cfn=(261)
calls=1 +18 
* 984
* 5
+1 1
+2 2
-2 1
+2 10

ob=(1)
fl=(34) /build/glibc-LK5gWL/glibc-2.23/elf/dl-misc.c
fn=(106) _dl_name_match_p
288 290
+1 116
cfi=(19) /build/glibc-LK5gWL/glibc-2.23/string/../sysdeps/x86_64/multiarch/../strcmp.S
cfn=(54) strcmp
calls=58 144 
* 2520
* 58
+1 58
-1 58
+3 58
+2 116
+4 59
-4 118
+1 186
cfi=(19)
cfn=(54)
calls=62 144 
* 2783
* 124
-5 3
+11 70
-1 55
+1 220

fn=(144) _dl_sysdep_read_whole_file
45 2
+7 1
-7 3
+7 1
-7 3
+7 1
cfi=(24) /build/glibc-LK5gWL/glibc-2.23/io/../sysdeps/unix/syscall-template.S
cfn=(110) open
calls=1 +32 
* 5
+1 2
+2 5
cfi=(36) /build/glibc-LK5gWL/glibc-2.23/io/../sysdeps/unix/sysv/linux/wordsize-64/fxstat.c
cfn=(120) _fxstat
calls=1 -21 
* 10
* 2
+2 1
+3 1
-3 1
+3 1
+13 2
cfi=(24)
cfn=(132) close
calls=1 +11 
* 5
+3 7
-14 6
cfi=(37) /build/glibc-LK5gWL/glibc-2.23/misc/../sysdeps/unix/sysv/linux/wordsize-64/mmap.c
cfn=(122) mmap
calls=1 -29 
* 33
* 2

fl=(79) /build/glibc-LK5gWL/glibc-2.23/elf/dl-open.c
fn=(320) _dl_find_dso_for_object
182 5
+1 4
+1 12
+1 2
+3 2
+4 1
-9 6

fl=(15) /build/glibc-LK5gWL/glibc-2.23/elf/dl-object.c
fn=(32) _dl_new_object
61 42
+1 3
cfi=(11) /build/glibc-LK5gWL/glibc-2.23/string/../sysdeps/x86_64/strlen.S
cfn=(22) strlen
calls=3 +4 
* 66
+6 3
-6 6
+6 6
+7 12
cfi=(17)
cfn=(36) calloc
calls=3 +28 
* 171
* 3
+3 3
-3 3
+3 3
+4 3
+5 6
-6 3
+6 3
-5 3
+3 6
+2 3
cfi=(18) /build/glibc-LK5gWL/glibc-2.23/string/../sysdeps/x86_64/multiarch/../memcpy.S
cfn=(46) memcpy
calls=3 -26 
* 88
+10 3
-10 3
+10 3
-8 3
+9 6
-1 9
+1 9
+3 3
-4 3
+1 3
+3 3
+9 3
-7 3
+4 3
+3 9
+2 2
-2 2
+2 30
-2 30
+12 3
+6 3
-5 3
-1 3
+6 15
+2 2
+3 2
-3 2
+3 2
-3 4
+7 6
+4 4
+2 5
+6 1
+6 1
-3 2
+3 4
-3 4
+3 4
+2 6
cfi=(11)
cfn=(22)
calls=2 -91 
* 68
+4 2
-4 8
+4 6
+64 4
+4 24
68 30
+34 8
+39 8
+70 6
cfi=(25) /build/glibc-LK5gWL/glibc-2.23/string/../sysdeps/x86_64/memcpy.S
cfn=(70) mempcpy
calls=2 61 
* 71
* 42
+6 40
-1 40
+1 42
-1 2
+1 6
+5 4
-89 2
+32 4
cfi=(17)
cfn=(40) malloc
calls=2 -71 
* 58
* 2
+1 2
-1 2
+1 6
+2 1
-35 2

fn=(48) _dl_add_to_namespace_list
32 15
+2 6
cfi=(2) /build/glibc-LK5gWL/glibc-2.23/elf/rtld.c
cfn=(50) rtld_lock_default_lock_recursive
calls=3 704 
* 6
+2 3
-2 3
+2 19
+3 15
+2 2
+2 2
+4 2
+4 2
-4 4
+1 2
+4 4
-4 2
+1 2
+3 2
-3 2
+2 2
cfi=(2)
cfn=(52) rtld_lock_default_unlock_recursive
calls=2 710 
* 4
-4 1
+4 1
-4 2
+1 1
+4 2
-4 1
+1 1
+3 1
-3 1
+2 1
cfi=(2)
cfn=(52)
calls=1 710 
* 2
-5 2

fl=(27) /build/glibc-LK5gWL/glibc-2.23/string/../sysdeps/x86_64/multiarch/../strchr.S
fn=(74) index
24 7
+1 7
+1 7
+1 7
+1 7
+1 7
+1 7
+1 7
+1 7
+1 7
+1 7
+1 7
+1 7
+1 7
+1 7
+1 7
+1 7
+1 5
+4 5
+1 5
+1 5
+1 5
+2 5
+4 2
+1 2
+1 2
+1 2
+1 2
+1 2
+1 2
+1 2
+1 2
+1 2
+1 2
+1 2
+1 2
+1 2
+1 2
+1 2
+1 2
+1 2
+1 2
+1 2
+1 2
+1 2
+1 2
+1 2
+52 2
+4 2
+1 2
+1 2
+1 2
+2 2

fl=(66)
fn=(260)
71 1
+3 1
+2 1
+8 1
+6 1
+1 1
+1 1
+1 1
+1 1
+1 1
+1 1
+4 1
+1 1
+3 1
+1 1
+2 1
+1 1
+1 1
+1 1
+1 1
+1 1
+2 1
+13 1
+1 1
+1 1
cfi=(67) /build/glibc-LK5gWL/glibc-2.23/elf/../elf/dl-runtime.c
cfn=(262) _dl_fixup
calls=1 -63 
* 953
+1 1
+5 1
+1 1
+1 1
+2 1
+1 1
+1 1
+1 1
+1 1
+1 1
+1 1
+2 1
+2 1
+4 1
+3 1

fn=(261)
71 14
+3 14
+2 14
+8 14
+6 14
+1 14
+1 14
+1 14
+1 14
+1 14
+1 14
+4 14
+1 14
+3 14
+1 14
+2 14
+1 14
+1 14
+1 14
+1 14
+1 14
+2 14
+13 14
+1 14
+1 14
cfi=(67)
cfn=(262)
calls=14 -63 
* 12340
+1 14
+5 14
+1 14
+1 14
+2 14
+1 14
+1 14
+1 14
+1 14
+1 14
+1 14
+2 14
+2 14
+4 14
+3 14

fl=(17)
fn=(44) __libc_memalign
52 66
+1 87
+11 63
+3 21
-3 21
+3 42
-3 3
+3 1
-3 1
+3 82
+4 8
+1 4
+6 16
cfi=(37)
cfn=(122)
calls=2 -45 
* 66
+2 10
+4 6
+3 2
+1 2
+2 10
-3 20
+1 20
+2 100
-31 2
-1 5

fn=(36)
103 8
+8 24
-4 8
+4 16
+3 8
cfn=(40)
calls=8 -20 
* 289
* 8

fn=(78) strsep
354 4
+2 2
+1 4
+4 33
+7 84
-2 56
+13 1
+4 2
-7 14
-15 44

fn=(84)
120 1
+2 3
+7 2

fn=(40)
94 21
+1 42
cfn=(44)
calls=21 -43 
* 582
* 21

fl=(25)
fn=(70)
61 17
+4 17
+3 16
+1 16
+2 7
+1 7
+2 7
+1 7
+5 7
+1 7
-1 9
+1 9
+2 10
+1 10
+2 10
+1 10
+5 10
+1 10
-1 6
+1 6
+2 5
+1 5
+2 5
+1 5
+5 5
+1 5
-1 11
+1 11
+2 7
+1 7
+2 7
+1 14
+5 7
+1 7
-1 9
+1 11
+5 2
+1 2
+1 2
+1 2
+2 2
+2 2
+1 2
+2 2
+6 16
+4 16
+12 2
+2 2
+1 2
+26 2
+1 2
+3 2
+1 2
+1 2
+5 2
+2 2
+1 2
+1 2
+1 2
+2 2
+1 2
+1 2
+1 2
+2 2
+1 2
+2 2
+22 2
+2 2
+2 1
+7 1

fl=(6) /build/glibc-LK5gWL/glibc-2.23/elf/dl-lookup.c
fn=(10) _dl_setup_hash
956 12
+4 4
+4 8
+2 4
-1 4
+3 12
+1 4
+1 4
+3 4
-3 4
+7 4
-4 4
-1 4
+3 4
+2 4
-7 4
+7 4
+1 4

fn=(174) do_lookup_x
355 672
+1 96
-1 480
+48 96
-30 96
-11 96
+41 96
+7 192
-7 192
-30 384
+37 384
-44 192
+3 192
-3 404
+3 404
+4 602
+4 594
+4 594
+6 891
+8 297
-4 297
+1 297
+3 594
+1 891
+3 297
+1 594
+2 594
+8 297
-8 297
+8 2970
-99 207
553 1500
+1 88
cfi=(34)
cfn=(106)
calls=44 288 
* 4992
* 132
+3 624
+3 6
+1 768
-92 180
+50 668
+4 39
+12 180
+1 90
+1 180
413 570
+2 190
+2 1235
+13 276
-10 910
+2 180
+1 450
-1 90
+1 630
-1 90
+1 270
cfn=(176) check_match
calls=90 92 
* 8146
+4 270
+34 10
+94 35
439 810

fn=(176)
92 720
+3 630
+12 540
+3 468
cfi=(19)
cfn=(54)
calls=27 +34 
* 1013
* 54
+5 90
-1 90
+1 90
+2 178
+19 178
+1 712
+46 90
-7 90
+7 450
-18 2
+2 1
+1 4
-1 5
-29 267
cfi=(19)
cfn=(54)
calls=89 +6 
* 2207
* 267

fn=(172) _dl_lookup_symbol_x
806 1056
568 96
806 384
568 480
+1 96
-1 96
+1 288
-1 288
+1 1147
-1 1147
+1 3441
-1 3633
808 96
+4 96
+4 96
-8 96
+1 192
+7 274
+7 96
-2 96
+2 96
-2 96
+6 96
-7 96
+7 192
-7 576
+15 6
-8 30
+2 1344
cfn=(174)
calls=96 355 
* 37898
+3 288
+26 192
+22 90
+1 630
+31 90
+9 450
+14 270
+3 360
+5 90
+2 768
-85 42
+16 6
+1 12
+59 2

fl=(28) /build/glibc-LK5gWL/glibc-2.23/string/strdup.c
fn=(80) strdup
40 12
+1 3
cfi=(11)
cfn=(22)
calls=3 +25 
* 84
* 3
+1 6
cfi=(17)
cfn=(40)
calls=3 +52 
* 87
* 3
+2 6
+4 3
-1 6
+1 6
-1 6
cfi=(18)
cfn=(46)
calls=3 +14 
* 106

fl=(33) /build/glibc-LK5gWL/glibc-2.23/setjmp/../sysdeps/x86_64/setjmp.S
fn=(100) __sigsetjmp
26 3
+9 3
+1 6
+1 3
+4 3
+1 3
+1 3
+1 3
+1 3
+2 6
+2 3
+1 3
+1 3
+2 6
+2 3
+4 3
+1 3

fl=(18)
fn=(46)
61 15
+2 15
+2 15
+3 13
+1 13
+2 3
+1 3
+2 3
+1 3
+5 3
+1 3
-1 10
+1 10
+2 5
+1 5
+2 5
+1 10
+5 5
+1 5
-1 8
+1 8
+2 3
+1 3
+2 3
+1 3
+5 3
+1 3
-1 10
+1 10
+2 8
+1 8
+2 8
+1 8
+5 8
+1 8
-1 5
+1 10
+5 5
+1 5
+1 5
+1 5
+2 5
+2 5
+1 5
+2 5
+8 13
+8 6
+6 6
+2 6
+1 6
+3 2
+1 6
+5 2
+1 2
+2 2
+2 2
+1 2
+2 2
-8 5
+1 5
+2 5
+2 5
+1 5
+2 9
+9 2
+1 2
-1 4
+1 4
+3 6
+1 6
+1 6
+5 5
+2 5
+1 5
+1 5
+1 5
+2 5
+1 5
+1 5
+1 5
+2 5
+1 5
+2 5
+22 6
+6 6
+1 6
+2 2

fl=(14) /build/glibc-LK5gWL/glibc-2.23/string/../sysdeps/x86_64/multiarch/../memcmp.S
fn=(30) bcmp
24 13
+1 13
+1 13
+1 13
+1 13
+1 13
+1 13
+1 13
+3 13
+1 13
+1 5
+1 5
+1 5
+1 5
+1 5
+1 5
+1 5
+2 12
+1 12
+1 4
+1 4
+1 4
+1 4
+1 4
+1 4
+1 4
+2 12
+1 12
+1 5
+1 5
+1 5
+1 5
+1 2
+1 2
+1 2
+2 9
+1 9
+1 5
+1 5
+1 5
+1 5
+5 4
+1 4
+1 4
+1 4
+1 4
+1 4
+1 4
+1 2
+1 2
+1 2
+1 2
+1 2
+7 2
+2 3
+4 8
+1 8
+1 1
+1 1
+1 1
+1 1
+1 1
+1 1
+1 1
+1 1
+1 1
+1 1
+1 1
+4 9
+1 9

fl=(26) /build/glibc-LK5gWL/glibc-2.23/string/../sysdeps/x86_64/multiarch/../memset.S
fn=(72) memset
53 13
+1 13
+1 13
+1 13
+1 13
+2 13
+1 13
+1 11
+1 11
+15 2
+1 2
+1 2
+1 2
+1 2
+1 2
+1 2
+1 2
+1 2
+1 2
+1 2
+1 2
+1 2
+1 4
+3 2
+1 2
+1 2
+1 2
+1 2
+1 2
+1 2
-6 34
+1 34
+1 34
+1 34
+1 34
+1 34
+1 34
+1 2
+3 11
+1 11
+1 11
+1 4
+1 4
+1 2
+1 2
+3 2
+1 2
+1 2
+1 2
+2 2
+1 2
+1 2
+2 7
+1 7
+1 7

fl=(10) /build/glibc-LK5gWL/glibc-2.23/elf/../sysdeps/x86/cpu-features.c
fn=(20) init_cpu_features.constprop.0
46 2
+16 1
-16 4
+16 1
-16 1
+19 1
-3 1
+3 8
176 3
+1 1
+3 2
+1 1
+2 2
+1 7
+7 3
+4 2
+2 4
+41 2
+75 2
+11 1
+2 1
-1 1
+2 8
-85 4
+1 2
+3 1
+2 1
-2 3
+2 2
+3 2
-50 2
+1 1
+6 3
+2 1
+3 3
+16 2
+1 1
+2 2
+81 2
+1 2
+4 2
30 2
+4 1
-4 1
+5 1
-1 1
+2 1
-1 1
+1 1
-2 1
+1 1
+1 1
+1 1
-7 2
+3 1
+4 1
+5 1
+32 2
-32 1
+27 1
+5 1
+3 1
+1 7
+57 2
-66 2
+44 2
314 2

fl=(132) /build/glibc-LK5gWL/glibc-2.23/elf/dl-fini.c
fn=(598) _dl_fini
130 8
+17 1
+3 15
+3 2
cfi=(2)
cfn=(50)
calls=1 704 
* 2
+2 1
+3 2
+2 6
+8 1
-3 1
+3 8
+7 8
+2 8
+2 4
+1 4
+5 4
-6 4
-6 4
+8 4
-8 9
+14 9
+1 2
+4 1
31 1
+2 1
192 1
33 1
+6 1
-1 1
+2 1
-2 2
+1 8
+1 1
cfi=(26)
cfn=(72)
calls=1 +13 
* 15
* 1
+77 15
+3 16
cfi=(26)
cfn=(72)
calls=2 -67 
* 37
* 6
-76 9
+1 9
+4 12
+6 6
+1 6
+2 15
+1 7
+2 9
+1 6
201 3
cfi=(2)
cfn=(52)
calls=1 710 
* 2
+5 3
81 4
208 1
+2 3
-2 3
+2 9
+3 8
+3 12
+4 4
+9 2
+3 2
-3 2
+3 4
+2 8
+1 4
cob=(4) /usr/lib/valgrind/vgpreload_core-amd64-linux.so
cfi=(55) ???
cfn=(612) 0x0000000000000610
calls=1 0 
* 78
cob=(5)
cfi=(65)
cfn=(600)
calls=1 0 
* 16
-1 8
+5 4
+1 6
cob=(2)
cfi=(16)
cfn=(632)
calls=1 0 
* 3
cob=(2)
cfi=(16)
cfn=(610)
calls=1 0 
* 3
+6 24
+16 8
-56 11
+11 6
92 9
+21 3
-57 8
268 4
+2 1
-2 2
+6 2
+7 8

fl=(39) /build/glibc-LK5gWL/glibc-2.23/misc/../sysdeps/unix/syscall-template.S
fn=(208) munmap
84 4
+1 1

fn=(126) mprotect
84 24
+1 6

fl=(23) /build/glibc-LK5gWL/glibc-2.23/elf/dl-hwcaps.c
fn=(66) _dl_important_hwcaps
39 6
+3 1
-3 2
+3 1
-1 1
+1 1
+9 1
-12 4
+12 2
+10 4
162 2
-47 3
cfi=(24)
cfn=(68) access
calls=1 -31 
* 9
* 2
+55 3
+2 2
+1 5
+4 2
+4 1
-4 1
+1 1
+3 1
+3 1
+1 1
-1 1
+4 3
+1 1
-1 9
+1 1
+18 10
+1 2
-1 1
+1 3
cfi=(17)
cfn=(40)
calls=1 94 
* 29
* 1
+1 1
-1 1
+1 5
+29 1
+3 1
-3 2
+3 1
+23 7
+6 2
-1 2
+1 6
-1 8
+5 6
+3 1
-3 1
+3 1
-3 3
+3 1
-3 1
+3 5
+1 12
+1 4
-1 4
+1 8
-2 4
+1 8
-1 14
+4 4
+4 1
-1 1
+2 1
-2 1
+1 1
+1 1
-2 1
+2 10
+13 2
+1 1
-1 1
+3 2
-3 2
+1 1
-1 1
+3 2
+3 4
+3 1
-1 1
+1 9
113 1
+17 1
+1 1
-1 9
243 6
cfi=(25)
cfn=(70)
calls=1 61 
* 22
* 4
cfi=(25)
cfn=(70)
calls=1 61 
* 18
+1 4
cfi=(25)
cfn=(70)
calls=1 61 
* 22
* 4
cfi=(25)
cfn=(70)
calls=1 61 
* 18
* 12

fl=(19)
fn=(54)
144 245
+1 245
+2 245
+1 245
+21 245
+1 245
+1 185
+1 185
+1 139
+1 139
+1 139
+1 139
+21 139
+1 139
+1 139
+1 139
+1 139
+1 139
+1 139
+5 5
+1 5
+9 5
+1 5
+1 5
+1 5
+1 5
+1 5
+1 5
+1 5
-7 106
+1 106
+1 106
+1 106
+1 106
+1 106
+1 106
+1 106
+1 108
+1 95
+1 95
+1 95
+2 95
+1 95
+1 95
+1 95
+1 95
+1 95
-5 13
+1 13
+1 13
+1 13
+1 13
+1 13
+10 3
+1 3
+1 3
+2 3
+6 3
+1 3
+1 3
+1 3
+1 3
+5 3
+2 2
+1 2
+1 4
+8 2
+1 2
+3 2
+1 2
+1 2
+1 2
+1 2
+1 2
1071 37
+1 37
+1 37
+1 37
+1 37
+2 37
+1 37
+1 37
+1 37
+1 37
+1 37
+1 37
+1 1
+4 1
+1 1
+1 1
+6 1
+1 1
+1 2
+4 1
+1 1
+3 1
+1 1
+1 1
+3 1
+1 1
+1 1
+6 1
+1 1
+1 1
+1 1
+1 1
+1 1
+72 6
+1 6
+1 6
+1 6
+1 6
+2 6
+1 6
+1 6
+1 6
+1 6
+1 6
+1 6
+1 2
+4 2
+1 2
+1 2
+6 2
+1 2
+1 4
+4 2
+1 2
+3 2
+1 2
+1 2
+3 2
+1 2
+1 2
+6 2
+1 2
+1 2
+1 2
+1 2
+1 2
+72 18
+1 18
+1 18
+1 18
+1 18
+2 18
+1 18
+1 18
+1 18
+1 18
+1 18
+1 18
1571 1
+1 1
+1 1
+1 1
+1 1
+2 1
+1 1
+1 1
+1 1
+1 1
+1 1
+1 1
1696 2
+1 2
+1 2
+1 2
+1 2
+2 2
+1 2
+1 2
+1 2
+1 2
+1 2
+1 2
+1 1
+4 1
+1 1
+1 1
+6 1
+1 1
+1 2
+4 1
+1 1
+3 1
+1 1
+1 1
+3 1
+1 1
+1 1
+6 1
+1 1
+1 1
+1 1
+1 1
+1 1
+72 5
+1 5
+1 5
+1 5
+1 5
+2 5
+1 5
+1 5
+1 5
+1 5
+1 5
+1 5
+1 3
+4 3
+1 3
+1 3
+6 3
+1 3
+1 6
+4 3
+1 3
+3 3
+1 3
+1 3
+3 3
+1 3
+1 3
+6 3
+1 3
+1 3
+1 3
+1 3
+1 3
+72 4
+1 4
+1 4
+1 4
+1 4
+2 4
+1 4
+1 4
+1 4
+1 4
+1 4
+1 4
+1 2
+4 2
+1 2
+1 2
+6 2
+1 2
+1 4
+4 2
+1 2
+3 2
+1 2
+1 2
+3 2
+1 2
+1 2
+6 2
+1 2
+1 2
+1 2
+1 2
+1 2
+72 35
+1 35
+1 35
+1 35
+1 35
+2 35
+1 35
+1 35
+1 35
+1 35
+1 35
+1 35
+2 1
+4 1
+1 1
+1 1
+6 1
+1 1
+2 2
+4 1
+1 1
+3 1
+1 1
+1 1
+3 1
+1 1
+1 1
+6 1
+1 1
+1 1
+1 1
+1 1
+1 1
+74 12
+2 12
+1 12
+1 12
+1 12
-3 99
+1 99
+1 99
+1 99
+1 285
+5 95
+6 95
+1 95
+8 95
+1 95
-16 150
+6 150
+1 150
+8 150
+1 150

fl=(7) /build/glibc-LK5gWL/glibc-2.23/elf/../elf/dl-sysdep.c
fn=(204) _dl_sysdep_start_cleanup
256 1

fn=(12) _dl_sysdep_start
86 8
+25 1
-1 1
+1 660
+6 1
-3 1
+1 1
-4 1
+3 1
+3 4
+1 2
-1 25
+1 105
-1 102
+62 1
+1 1
-1 1
+1 1
-29 1
+1 2
+11 1
+1 1
-1 1
+1 1
-7 1
+1 1
-1 1
+1 1
-4 1
+1 2
-25 1
+1 2
-4 1
+1 2
-7 1
+1 1
+2 1
+1 1
fi=(8) /build/glibc-LK5gWL/glibc-2.23/elf/../sysdeps/unix/sysv/linux/dl-sysdep.c
-90 2
cfi=(9) /build/glibc-LK5gWL/glibc-2.23/elf/../sysdeps/unix/sysv/linux/x86_64/brk.c
cfn=(16) brk
calls=1 -4 
* 11
fi=(5) /build/glibc-LK5gWL/glibc-2.23/elf/../sysdeps/x86_64/dl-machine.h
225 5
+4 1
cfi=(10)
cfn=(20)
calls=1 46 
* 134
fe=(7)
+2 3
+1 1
cfi=(11)
cfn=(22)
calls=1 66 
* 32
* 1
+2 2
cfi=(12) /build/glibc-LK5gWL/glibc-2.23/elf/../misc/sbrk.c
cfn=(24) sbrk
calls=1 34 
* 17
* 3
+12 3
+3 5
cfi=(2)
cfn=(26) dl_main
calls=1 790 
* 89258
+2 9
-11 2

fl=(8)
fn=(60) _dl_discover_osversion
45 7
+2 3
+85 8
-45 3
cfi=(21) /build/glibc-LK5gWL/glibc-2.23/posix/../sysdeps/unix/syscall-template.S
cfn=(62) uname
calls=1 -3 
* 5
* 1
+15 1
-15 1
+20 1
-1 1
+3 12
+4 3
-2 6
+2 9
+7 3
-1 3
+4 3
-2 3
+2 10
+5 2

fl=(37)
fn=(122)
33 8
-1 80
+1 20
+1 80
+2 56
-3 18

fl=(36)
fn=(120)
34 3
-1 3
+1 3
+1 18
+4 3

fl=(1) ???
fn=(0) 0x0000000000000c30
0 2
cfi=(2)
cfn=(2) _dl_start
calls=1 353 
0 91078
0 14
cfi=(54) /build/glibc-LK5gWL/glibc-2.23/elf/dl-init.c
cfn=(212) _dl_init
calls=1 80 
0 1610
0 3
cob=(5)
cfi=(65)
cfn=(252)
calls=1 0 
0 5293399555

fl=(43) /build/glibc-LK5gWL/glibc-2.23/elf/dl-cache.c
fn=(142) _dl_load_cache_lookup
185 9
+8 2
+3 3
+51 2
+9 1
+6 2
-6 4
+6 1
cfi=(24)
cfn=(68)
calls=1 84 
* 9
+19 1
-19 1
+19 136
cfn=(146) _dl_cache_libcmp
calls=9 138 
* 670
* 50
-15 4
+15 14
cfn=(146)
calls=1 138 
* 71
* 7
-82 4
cfi=(34)
cfn=(144)
calls=1 45 
* 94
+8 1
-8 1
+8 4
+1 4
cfi=(14)
cfn=(30)
calls=1 24 
* 38
* 2
+7 1
-3 1
+3 3
+3 1
+1 2
-1 1
+1 1
+1 4
cfi=(14)
cfn=(30)
calls=1 24 
* 32
* 2
+61 21
+16 2
+4 2
+8 3
cfi=(11)
cfn=(22)
calls=1 66 
* 34
* 2
+1 1
-1 4
+1 2
cfi=(18)
cfn=(46)
calls=1 61 
* 86
+1 2
cfi=(28)
cfn=(80)
calls=1 40 
* 109
+1 8
-31 9

fn=(146)
138 30
+1 22
+2 102
+2 51
-2 51
+2 2
+6 1
+2 1
-1 1
-1 1
+1 1
+1 4
+2 5
+2 2
+6 100
+2 182
+4 41
+1 41
-29 82
+32 3
-7 18

fn=(206) _dl_unload_cache
322 4
-1 1
+3 2
cfi=(39)
cfn=(208)
calls=1 84 
* 5
+1 1
+2 2

fl=(22) /build/glibc-LK5gWL/glibc-2.23/elf/dl-load.c
fn=(114) _dl_map_object_from_fd
893 22
+10 2
-10 2
+10 2
-10 6
+10 2
cfi=(29) /build/glibc-LK5gWL/glibc-2.23/elf/dl-debug.c
cfn=(86) _dl_debug_initialize
calls=2 50 
* 16
fi=(35) /build/glibc-LK5gWL/glibc-2.23/elf/../sysdeps/posix/dl-fileid.h
37 6
fe=(22)
903 2
fi=(35)
37 2
cfi=(36)
cfn=(120)
calls=2 -3 
* 20
* 4
+4 2
fe=(22)
919 2
fi=(35)
40 2
+1 2
fe=(22)
919 29
+1 10
fi=(35)
49 12
fe=(22)
1465 16
937 4
+24 4
+10 4
+22 8
+32 4
904 2
1028 14
cfi=(15)
cfn=(32)
calls=2 61 
* 882
+1 2
-1 2
+1 2
+11 4
+1 2
-1 2
+2 2
-1 2
+4 2
-1 4
-2 2
+2 4
+1 6
+1 2
+19 2
-2 2
+10 2
-8 12
+8 2
-8 6
+8 2
+87 2
+8 2
-8 8
+8 2
-8 6
-86 32
-1 136
+1 95
+6 4
+1 6
+1 2
+9 20
+5 32
+9 12
-1 12
+1 4
+1 8
+2 4
-2 4
+1 4
-1 4
+3 4
+4 4
-7 4
+2 4
+1 4
+4 4
+1 12
+4 6
-14 2
+14 12
+11 2
-11 6
-14 2
+14 12
+11 2
-44 2
+1 1
+46 3
+4 1
+1 1
+1 1
-1 2
+1 1
+3 3
+1 1
+3 1
-3 1
+7 4
+6 1
cfi=(30) /build/glibc-LK5gWL/glibc-2.23/elf/dl-tls.c
cfn=(148) _dl_next_tls_modid
calls=1 49 
* 8
* 2
+1 1
+59 4
+1 6
+1 2
-6 4
+1 2
+8 6
1041 2
1229 2
1041 2
1229 2
+10 6
fi=(38) /build/glibc-LK5gWL/glibc-2.23/elf/./dl-map-segments.h
56 4
fe=(22)
1239 6
fi=(38)
56 2
fe=(22)
1239 2
fi=(38)
56 2
fe=(22)
1239 4
fi=(38)
56 12
cfi=(37)
cfn=(122)
calls=2 -23 
* 70
+4 2
-4 2
+4 4
+3 4
+1 2
+2 2
-2 2
-1 2
+3 2
+10 4
fi=(40) /build/glibc-LK5gWL/glibc-2.23/elf/./dl-load.h
+14 8
+1 6
+2 8
fi=(38)
+7 16
+6 2
+2 2
-2 2
+1 2
+2 2
-1 2
+1 2
-1 6
+8 4
+17 4
+12 4
-59 20
+2 4
+2 2
-2 4
+2 20
cfi=(37)
cfn=(122)
calls=2 -57 
* 62
* 6
fe=(22)
1251 8
+9 4
fi=(3) /build/glibc-LK5gWL/glibc-2.23/elf/get-dynamic-info.h
39 2
fe=(22)
1260 2
fi=(3)
39 2
+6 2
-2 2
+2 4
+15 2
+5 2
+3 2
-1 2
-3 2
-3 36
+10 8
-26 24
+16 35
+10 35
-26 105
+26 2
-26 6
+2 90
+13 40
+2 8
+3 8
+13 4
+20 7
+1 8
+1 8
+1 8
+2 8
+5 8
+1 7
+1 8
+6 6
+5 4
+7 4
+1 6
+16 6
+5 1
+2 1
-2 1
+2 1
+2 2
+2 2
+3 6
+10 1
-8 4
+8 1
+5 2
+3 4
fe=(22)
1267 4
+15 6
+19 4
+2 10
+54 6
+1 2
+3 2
cfi=(24)
cfn=(132)
calls=1 84 
* 5
* 2
cfi=(24)
cfn=(132)
calls=1 84 
* 5
* 4
+9 4
+2 6
+2 2
-2 2
+2 2
+16 4
cfi=(6)
cfn=(10)
calls=2 956 
* 46
+4 4
+1 4
+17 4
+9 2
-5 6
+5 2
+10 4
+10 6
cfi=(15)
cfn=(48)
calls=2 32 
* 82
+4 8
fi=(3)
68 8
+2 10
fe=(22)
1413 2
fi=(38)
119 4
+8 16
cfi=(26)
cfn=(72)
calls=2 -74 
* 283
* 8
-54 8
-1 12
cfi=(39)
cfn=(126)
calls=2 +12 
* 10
* 2
fi=(40)
+22 5
+1 11
+3 4
fi=(38)
+39 9
cfi=(37)
cfn=(122)
calls=1 33 
* 31
+3 3
fe=(22)
1255 2

fn=(138) open_path
2040 8
+1 1
+6 1
-6 1
+6 1
+5 9
+52 1
-59 1
-1 1
+60 1
-52 8
+74 4
-62 1
-9 1
+9 1
+7 4
cfi=(25)
cfn=(70)
calls=1 61 
* 31
+1 1
-1 1
+1 5
+20 8
-20 15
+3 8
+5 8
-1 4
+1 8
-1 12
cfi=(25)
cfn=(70)
calls=4 61 
* 85
* 16
cfi=(25)
cfn=(70)
calls=4 61 
* 92
-1 4
+7 4
-7 4
+7 4
+3 36
cfn=(108) open_verify.constprop.7
calls=4 1717 
* 176
* 4
+2 20
+67 7
+7 1
-2 1
+2 3
+3 3
+14 1
-27 1
+27 7
-84 8
+1 36
+6 4
+2 4
-2 4
+2 8
-2 4
+2 4
cfi=(42) /build/glibc-LK5gWL/glibc-2.23/io/../sysdeps/unix/sysv/linux/wordsize-64/xstat.c
cfn=(140) _xstat
calls=4 34 
* 49
* 8
+1 1
+2 1
-2 1
+2 7
+7 3
-7 3
+7 9
-30 3
+23 6

fn=(76) fillin_rpath
444 7
+2 1
-2 9
+4 3
cfi=(17)
cfn=(78)
calls=1 -94 
* 238
* 3
cfi=(17)
cfn=(78)
calls=1 -94 
* 6
* 6
+7 2
+35 15
+1 8
+55 2
+2 2
cob=(2)
cfi=(16)
cfn=(82)
calls=1 0 
* 7
* 1
-39 2
+4 2
-1 4
cfi=(17)
cfn=(40)
calls=1 94 
* 29
* 1
+3 1
-3 1
+3 2
+5 1
+1 2
-2 1
+2 1
cfi=(25)
cfn=(70)
calls=1 61 
* 31
+3 1
-3 1
+1 1
+2 1
+6 2
+1 1
-1 2
+1 13
+1 11
-1 2
+3 2
+1 3
+7 1
+1 1
-1 2
383 3
cfi=(27)
cfn=(74)
calls=1 24 
* 23
* 2
+4 2
cfi=(28)
cfn=(80)
calls=1 40 
* 94
* 1
+74 2
+5 2
cfi=(11)
cfn=(22)
calls=1 66 
* 16
+1 2
+7 6
+9 1
-4 3
+4 2
+26 2
+43 1
+3 9
-15 2
-9 2
-57 2

fn=(104) _dl_map_object
2189 21
+8 3
-8 6
+8 3
+1 12
+3 42
+5 49
+2 21
cfi=(34)
cfn=(106)
calls=7 288 
* 1016
* 14
+4 12
+1 18
+3 2
+2 8
cfi=(19)
cfn=(54)
calls=2 144 
* 68
* 4
2500 24
2235 10
+9 2
-53 2
+53 4
+36 4
-2 2
+2 2
cfi=(27)
cfn=(74)
calls=2 24 
* 46
* 4
2431 2
383 3
cfi=(27)
cfn=(74)
calls=1 24 
* 47
* 2
+4 2
cfi=(28)
cfn=(80)
calls=1 40 
* 128
2432 1
-3 1
+3 2
+4 9
cfn=(108)
calls=1 1717 
* 299
+3 1
-3 1
+3 3
+12 3
+46 1
+1 3
-1 1
+1 9
cfn=(114)
calls=1 893 
* 1444
-1 1
+1 3
-1 1
+1 9
cfn=(114)
calls=1 893 
* 1789
* 6
2284 2
cfi=(11)
cfn=(22)
calls=1 66 
* 16
* 1
+2 1
-2 1
+2 1
+7 4
+35 2
+1 14
cfn=(138)
calls=1 2040 
* 777
+6 2
-6 1
+6 3
666 1
2336 1
666 2
2423 2
+28 3
+2 4
2297 1
+5 1
-5 1
+5 1
+3 2
-3 1
+3 7
-3 3
666 1
2303 1
666 2
2358 1
-14 1
+14 1
+2 3
+4 2
cfi=(43)
cfn=(142)
calls=1 185 
* 1468
+2 1
-2 1
+2 1
+4 2
+8 3
+23 10
cfn=(108)
calls=1 1717 
* 370
+4 1
-4 1
+4 3
+1 2
-89 3
+1 8
666 1
2319 1
666 2

fn=(64) _dl_init_paths
689 1
+13 2
-13 8
+13 3
cfi=(23)
cfn=(66)
calls=1 39 
* 398
+5 1
-5 1
+5 1
cfi=(17)
cfn=(40)
calls=1 94 
* 29
* 1
+1 1
-2 1
+2 2
+8 1
-1 1
+1 3
-1 3
+4 4
cfi=(17)
cfn=(40)
calls=1 94 
* 29
* 1
+2 1
-2 1
+2 1
+17 2
+9 2
-19 1
+11 1
-1 1
+3 1
+1 1
-15 2
+23 1
-9 1
+9 5
-3 17
cfi=(26)
cfn=(72)
calls=4 53 
* 60
+3 27
-14 3
+2 3
+1 3
+2 6
-3 3
+4 9
+4 3
-3 3
+3 3
+1 3
-4 9
+4 3
+14 1
-11 1
+6 1
+1 1
+5 1
-12 1
+12 1
+2 4
+2 3
+38 5
+6 3
cfi=(27)
cfn=(74)
calls=1 24 
* 23
* 2
+2 3
cfi=(11)
cfn=(22)
calls=1 66 
* 16
* 8
cfi=(18)
cfn=(46)
calls=1 61 
* 31
* 1
+17 133
+5 1
cfi=(17)
cfn=(40)
calls=1 94 
* 29
* 1
+1 1
-2 1
+2 1
+6 9
cfn=(76)
calls=1 444 
* 609
+4 5
+6 1
+4 8
-70 1
-2 1
+2 2
+14 2

fn=(108)
1717 66
+39 6
-39 18
+39 22
+31 24
cfi=(24)
cfn=(110)
calls=6 84 
* 46
+2 6
-2 6
+2 8
+10 2
+1 4
+5 16
cfi=(24)
cfn=(112) read
calls=2 84 
* 10
+2 4
+2 2
+2 2
-2 4
+2 2
+6 4
+16 8
cfi=(14)
cfn=(30)
calls=2 24 
* 57
* 18
cfi=(14)
cfn=(30)
calls=2 24 
* 72
* 4
+74 4
+5 4
+2 8
+6 4
+11 4
+6 2
+1 2
-1 8
+1 2
-1 2
+1 4
+1 6
+20 106
+2 36
+4 8
+1 6
+12 14
+4 6
+5 1
+1 1
-13 4
cfi=(14)
cfn=(30)
calls=1 24 
* 25
* 8
cfi=(14)
cfn=(30)
calls=2 24 
* 60
* 6
+16 2
+3 7
+3 3
+1 5
-39 2
+67 20
-23 4
+23 28
1826 2
+7 4
cfi=(14)
cfn=(30)
calls=1 24 
* 24
* 2

fl=(32) /build/glibc-LK5gWL/glibc-2.23/elf/dl-error.c
fn=(96) _dl_catch_error
163 6
+15 3
-3 6
+1 6
-13 6
+14 6
+1 3
+2 3
cfi=(2)
cfn=(98) _dl_initial_error_catch_tsd
calls=3 664 
* 6
+2 3
-1 3
+4 3
-3 6
+3 3
-4 3
+4 3
cfi=(33)
cfn=(100)
calls=3 26 
* 60
* 9
+2 9
cfi=(41) /build/glibc-LK5gWL/glibc-2.23/elf/dl-deps.c
cfn=(136) openaux
calls=2 60 
* 5591
cfi=(2)
cfn=(102) map_doit
calls=1 496 
* 2372
+1 6
+2 3
+1 3
-3 3
+1 6
+1 3
+9 3
-8 3
+8 9

fn=(150) _dl_receive_error
205 10
+1 1
cfi=(2)
cfn=(98)
calls=1 664 
* 2
+5 1
-1 1
-4 1
+9 1
+2 1
-3 1
+3 1
cfi=(2)
cfn=(152) version_check_doit
calls=1 529 
* 3242
+2 1
+1 1
+1 8

fl=(12)
fn=(24)
34 4
+8 6
+4 2
+16 5

fl=(13) /build/glibc-LK5gWL/glibc-2.23/elf/dl-environ.c
fn=(28) _dl_next_ld_env_entry
30 3
+3 10
+13 215
-13 645
+2 434
+1 20
+5 2
-3 2
+3 2
+2 2
-12 1
+19 1

fl=(21)
fn=(62)
84 4
+1 1

fl=(42)
fn=(140)
34 4
-1 4
+1 4
+1 24
+4 1
-4 12

fl=(30)
fn=(200) _dl_add_to_slotinfo
890 3
+9 1
-9 1
+6 2
+8 5
+41 1
+1 3
+1 4

fn=(164) _dl_allocate_tls_storage
354 3
+2 1
+11 3
cfi=(17)
cfn=(44)
calls=1 52 
* 76
* 1
+1 2
+7 2
+4 1
-57 1
+57 296
-58 2
+1 2
cfi=(17)
cfn=(36)
calls=1 103 
* 38
* 1
+1 2
+3 1
+6 2
+64 5

fn=(88) _dl_count_modids
115 2
+1 2

fn=(162) _dl_determine_tlsoffset
138 7
+6 3
+3 2
+36 3
+2 10
+3 1
-1 1
+5 2
-5 3
+3 3
+2 5
+16 3
+2 2
-2 2
+2 2
+10 1
-37 2
+25 1
-25 4
+40 4
+1 1
+51 1
+1 8

fn=(148)
49 1
+3 4
+48 1
+4 2

fn=(202) _dl_allocate_tls_init
450 2
-1 7
+5 1
+6 3
-6 1
+6 1
-4 1
+16 1
-15 3
+20 6
+6 16
+3 1
+1 2
+6 3
+3 1
-2 2
+2 4
+1 1
+3 1
-1 3
+4 2
+1 4
+2 2
+9 6
cfi=(25)
cfn=(70)
calls=1 61 
* 23
* 4
cfi=(26)
cfn=(72)
calls=1 53 
* 30
* 2
-38 3
+52 2
+2 1
+1 8

fl=(9)
fn=(16)
31 7
+8 1
-6 2
+7 1

fl=(45) /build/glibc-LK5gWL/glibc-2.23/elf/dl-reloc.c
fn=(166) _dl_relocate_object
149 40
+15 4
-15 8
+15 4
+1 24
+6 8
+6 12
-18 8
+22 8
+7 4
-32 4
+32 4
+44 4
fi=(5)
76 12
fe=(45)
232 8
fi=(5)
76 12
+6 6
+4 9
+14 3
-8 3
+8 6
+20 6
+4 12
-2 3
+9 12
fe=(45)
258 164
-98 18
fi=(5)
303 24
fe=(45)
-45 3
fi=(4) /build/glibc-LK5gWL/glibc-2.23/elf/do-rel.h
58 3
-10 3
-1 6
+11 3
-11 3
+11 3
fe=(45)
258 1
-98 6
fi=(5)
303 8
fe=(45)
-45 1
fi=(4)
58 1
-10 1
-1 2
+11 1
-11 1
+11 1
fe=(45)
258 4
fi=(4)
58 4
-10 4
-1 8
+11 4
-11 4
+11 4
+3 15
fi=(5)
530 48
+4 48
+2 72
+1 24
fi=(4)
61 93
+2 128
+2 26
-4 3
+13 6
+1 5
+1 16
fi=(5)
530 8
+26 8
fi=(4)
75 8
fi=(5)
556 16
cob=(3)
cfi=(53) ???
cfn=(198) memcpy@GLIBC_2.2.5
calls=1 0 
* 11
cob=(3)
cfi=(52) /build/glibc-LK5gWL/glibc-2.23/time/../sysdeps/unix/sysv/linux/x86/gettimeofday.c
cfn=(194) gettimeofday
calls=1 37 
* 66
cob=(3)
cfi=(51) /build/glibc-LK5gWL/glibc-2.23/string/../sysdeps/x86_64/multiarch/strspn.S
cfn=(192) strspn
calls=1 30 
* 6
cob=(3)
cfi=(50) /build/glibc-LK5gWL/glibc-2.23/string/../sysdeps/x86_64/multiarch/strcspn.S
cfn=(190) strpbrk
calls=1 45 
* 6
cob=(3)
cfi=(46) /build/glibc-LK5gWL/glibc-2.23/string/../sysdeps/x86_64/multiarch/strcmp.S
cfn=(188) strncasecmp
calls=1 129 
* 5
cob=(3)
cfi=(50)
cfn=(186) strcspn
calls=1 45 
* 6
cob=(3)
cfi=(47) /build/glibc-LK5gWL/glibc-2.23/time/../sysdeps/unix/sysv/linux/x86/time.c
cfn=(180) time
calls=1 38 
* 66
cob=(3)
cfi=(46)
cfn=(178) strcasecmp
calls=1 109 
* 5
fi=(4)
75 8
fi=(5)
557 8
fi=(4)
75 11
fe=(45)
258 2
fi=(4)
75 14
fe=(45)
258 14
+3 16
+24 4
+3 8
+17 12
+2 32
fi=(4)
84 5
-1 5
+3 10
-3 5
+3 5
+12 15
+10 6
+3 8
fi=(5)
514 2
fi=(4)
112 4
fi=(5)
514 1194
fi=(4)
112 2380
fi=(5)
514 2380
+5 2384
+1 2384
fi=(4)
111 2384
fi=(5)
520 1192
fi=(4)
111 1192
+7 15
+6 4
-3 8
+3 10
fi=(5)
449 9
fi=(4)
127 372
+9 186
+3 93
-3 93
+3 93
fi=(5)
271 93
fi=(4)
138 93
-2 93
+1 372
fi=(5)
271 93
+21 186
+4 186
+7 1774
fi=(4)
137 75
fi=(5)
303 150
fi=(4)
137 75
fi=(5)
303 75
fi=(4)
137 75
fi=(5)
303 150
fi=(4)
137 1
fi=(5)
303 2
fi=(4)
137 1
fi=(5)
303 1
fi=(4)
137 1
fi=(5)
303 1066
cfi=(6)
cfn=(172)
calls=76 806 
* 42356
* 608
+2 237
+3 91
-3 182
+3 273
+6 558
fe=(45)
178 8
fi=(5)
437 234
fi=(4)
124 285
+19 6
fi=(5)
303 57
fi=(4)
108 3
fi=(5)
409 42
+4 70
+14 70
+49 3
+4 7
cfi=(18)
cfn=(46)
calls=1 61 
* 18
+2 4
+1 1
fe=(45)
313 20
+3 4
-3 8
+3 4
+4 8
+1 16
cfi=(39)
cfn=(126)
calls=4 84 
* 20
* 12
-63 3
fi=(4)
129 8
fi=(5)
303 87
fi=(4)
160 7
+2 20
+8 10
+1 5
-1 5
+1 5
fi=(5)
271 5
fi=(4)
170 15
fi=(5)
271 5
+21 10
+4 10
+7 180
cfi=(6)
cfn=(172)
calls=5 806 
* 2409
* 35
+2 15
+3 1
-3 2
+3 3
+6 30
437 15
fi=(4)
160 17
+14 2
fi=(5)
303 6
fe=(45)

fl=(24)
fn=(68)
84 12
+2 15

fn=(112)
84 8
+1 2

fn=(110)
84 28
+1 3
+1 20

fn=(132)
84 12
+1 3

fl=(54)
fn=(214) call_init.part.0
28 20
+8 4
+3 4
-3 8
+3 12
+5 21
+5 4
+9 12
cob=(3)
cfi=(56) /build/glibc-LK5gWL/glibc-2.23/csu/../csu/init-first.c
cfn=(228) _init
calls=1 -6 
* 176
cob=(2)
cfi=(16)
cfn=(216)
calls=1 -58 
* 6
* 2
+4 4
+6 2
+2 4
-2 4
+3 10
+1 8
cob=(3)
cfi=(62) /build/glibc-LK5gWL/glibc-2.23/string/../sysdeps/x86_64/cacheinfo.c
cfn=(240) init_cacheinfo
calls=1 482 
* 1161
cob=(4)
cfi=(55)
cfn=(220) 0x0000000000000650
calls=1 -72 
* 17
* 4
cob=(3)
cfi=(64) /build/glibc-LK5gWL/glibc-2.23/elf/dl-altinit.c
cfn=(248) dlinit_alt
calls=1 -39 
* 4
* 3
-1 6
+3 24
-29 3
-5 3

fn=(212)
80 11
+1 1
+1 1
+3 3
+8 2
+1 2
+25 15
+1 12
-90 20
cfn=(214)
calls=3 -2 
* 1450
* 3
+96 8
-96 2
+58 2
+16 1
cfn=(214)
calls=1 -76 
* 76
* 1

fl=(2)
fn=(26)
790 1
+19 1
-19 7
2390 1
790 3
+19 1
+3 1
-22 1
2385 1
812 1
+4 2
+1 2
+5 2
2383 2
+7 4
-4 1
+4 8
+2 2
cfi=(13)
cfn=(28)
calls=1 30 
* 210
* 4
cfi=(13)
cfn=(28)
calls=2 30 
* 1127
* 9
+4 50
+1 19
-1 57
+3 4
+6 14
2553 3
+30 3
832 3
1033 7
cfi=(15)
cfn=(32)
calls=1 61 
* 250
+2 1
-2 1
+2 1
+1 1
+1 1
+5 2
-5 1
+1 2
+4 1
cfi=(15)
cfn=(48)
calls=1 32 
* 33
+1 3
799 1
1072 1
-3 1
-5 1
+1 1
+2 1
+5 7
+56 5
-55 24
-1 27
+1 47
1175 5
+3 2
+2 2
+2 3
+13 3
+1 6
cfi=(19)
cfn=(54)
calls=1 144 
* 44
* 2
+7 1
+3 1
-5 1
+3 1
+2 1
+1 2
+4 2
+2 2
fi=(3)
30 1
+9 2
+6 1
-2 1
+2 2
+15 1
+5 1
+3 1
+2 1
-3 1
-3 1
-3 14
+10 3
-26 9
+16 19
+10 19
-26 57
+26 1
-26 3
+2 46
+13 16
+2 4
+16 3
+38 3
+5 2
+7 2
+1 3
+16 3
+14 3
+18 2
fe=(2)
1218 2
cfi=(6)
cfn=(10)
calls=1 956 
* 23
+3 2
fi=(20) /build/glibc-LK5gWL/glibc-2.23/elf/setup-vdso.h
24 2
fe=(2)
1243 1
cfi=(8)
cfn=(60)
calls=1 45 
* 85
* 8
-75 2
+1 2
+1 1
-6 2
+1 1
-88 3
+1 1
+50 2
-1 8
+2 4
+1 1
+3 2
+1 2
-1 2
+1 2
+1 2
+1 6
+1 2
-43 1
-2 2
+27 1
-25 2
+7 1
-10 1
+10 1
-19 3
+1 1
fi=(3)
65 4
+3 4
+2 4
fe=(2)
2480 1
+1 1
-1 2
+1 3
cfi=(14)
cfn=(30)
calls=1 24 
* 31
* 2
-55 4
cfi=(14)
cfn=(30)
calls=1 24 
* 18
* 2
+7 4
cfi=(14)
cfn=(30)
calls=1 24 
* 36
* 2
+2 3
+48 3
1248 2
cfi=(22)
cfn=(64)
calls=1 689 
* 1578
+3 3
cfi=(29)
cfn=(86)
calls=1 50 
* 17
+7 1
-7 1
+2 1
+5 1
+3 3
+1 1
+3 1
-3 3
+1 2
+3 1
+5 1
-7 1
+7 1
+1 5
+17 2
+1 2
+5 1
-3 4
+2 2
+1 3
+5 3
+1 5
+2 2
+1 2
+5 2
+5 1
805 1
1314 2
1491 1
cfi=(30)
cfn=(88)
calls=1 115 
* 4
* 1
+8 3
+3 1
+4 3
+5 1
+1 1
cfi=(29)
cfn=(90) _dl_debug_state
calls=1 74 
* 1
+1 1
+4 3
+15 3
+4 1
-2 1
+2 2
+2 3
+1 1
-1 2
+1 1
cfn=(92) handle_ld_preload
calls=1 757 
* 2994
* 1
+1 1
+2 6
+10 3
cfi=(24)
cfn=(68)
calls=1 84 
* 9
* 2
+77 1
-96 1
+96 3
+17 3
+1 1
-1 1
+1 2
-1 1
+1 5
cfi=(41)
cfn=(134) _dl_map_object_deps
calls=1 161 
* 7111
+1 1
+2 2
+3 1
-3 3
+3 1
-3 1
+3 3
+1 4
-1 2
+1 12
-1 6
+4 3
+1 3
+1 1
+2 2
+1 6
-1 5
+1 5
-1 3
-3 1
+16 1
+1 2
-1 1
+1 1
+2 1
+2 3
+2 1
-4 1
+5 1
-1 2
+14 2
+1 2
+1 3
+11 1
+2 1
-2 1
+2 2
-1 1
+1 1
-2 3
+2 1
cfi=(32)
cfn=(150)
calls=1 205 
* 3272
+10 1
+1 1
-1 1
+1 1
+1 1
cfn=(160) init_tls
calls=1 589 
* 619
* 1
+2 2
719 1
+2 3
fi=(136) /build/glibc-LK5gWL/glibc-2.23/elf/../sysdeps/unix/sysv/linux/dl-osinfo.h
77 1
fe=(2)
730 1
+7 1
-5 1
1729 3
1959 3
2129 4
+2 1
+5 3
cfi=(30)
cfn=(202)
calls=1 450 
* 147
+3 2
+9 3
+2 2
+15 1
+2 1
-2 2
+3 1
-3 1
+3 1
-3 1
+3 3
cfi=(45)
cfn=(166)
calls=1 149 
* 3984
+1 1
+2 6
+8 1
cfi=(7)
cfn=(204)
calls=1 256 
* 1
+4 3
+20 3
cfi=(29)
cfn=(86)
calls=1 50 
* 8
+1 1
-1 1
+2 1
cfi=(29)
cfn=(90)
calls=1 74 
* 1
+1 1
+4 1
cfi=(43)
cfn=(206)
calls=1 322 
* 15
+5 8
2080 3
+7 1
+2 3
+19 1
-19 4
+2 1
+2 12
+5 8
+2 8
+6 4
+2 8
+1 24
cfi=(45)
cfn=(166)
calls=3 149 
* 66464
+4 14
-22 10
+25 1
+2 5
+6 1
-6 1
+6 1
-10 2
cfi=(30)
cfn=(200)
calls=1 890 
* 20
* 1
-12 1
+1 1
-3 2
-85 1
+11 1
-7 1
-4 1
+4 3
+4 2
+3 1
1672 2
-39 5
+1 1
-1 3
+4 3
+1 1
+1 2
+1 2
1237 3

fn=(98)
664 8

fn=(50)
704 10

fn=(2)
353 9
+18 4
fi=(5)
59 1
fe=(2)
371 1
fi=(3)
45 1
fi=(5)
+14 2
fe=(2)
397 1
fi=(3)
45 1
fe=(2)
394 1
fi=(3)
45 1
+25 2
-3 1
-7 1
+5 1
+3 1
+2 1
-3 1
-3 1
-3 2
-13 26
+23 13
-26 39
+26 1
-26 3
+2 36
+13 20
+1 16
+10 4
-26 12
+33 2
+20 4
+1 4
+1 4
+1 4
+2 4
+5 4
+1 4
+1 4
+6 3
+5 2
+7 3
+1 3
+8 3
+2 3
+3 2
+1 2
fe=(2)
408 2
302 1
415 1
302 1
cfi=(6)
cfn=(10)
calls=1 956 
* 23
+1 2
+1 2
+1 2
+1 2
+8 1
+9 1
-9 3
+9 1
-6 1
-3 1
+9 1
cfi=(7)
cfn=(12)
calls=1 86 
* 90430
* 1
+9 1
+3 4
+4 1
-4 1
+4 1
440 9
fi=(3)
62 4
+3 4
fe=(2)
413 26
fi=(4)
84 1
+27 1
-28 1
+28 2
+1 2
fi=(5)
519 2
fi=(4)
112 18
fi=(5)
519 18
+1 20
fi=(4)
111 20
fi=(5)
520 10
fi=(4)
111 10
+5 2
+8 1
fi=(5)
314 1
fi=(4)
124 2
+12 1
+1 3
fi=(5)
268 1
fi=(4)
137 1
fi=(5)
296 1
fi=(4)
137 2
fi=(5)
296 1
fi=(4)
136 5
+1 15
fi=(5)
268 5
fi=(4)
137 5
fi=(5)
296 5
fi=(4)
137 10
fi=(5)
296 5
+9 12
+3 6
-3 12
+3 18
+6 36
fi=(3)
68 4
+2 3
fi=(5)
427 12
fi=(4)
124 19
fe=(2)

fn=(92)
757 7
+1 1
-1 1
-75 1
+86 1
-11 1
-75 6
+80 3
fi=(31) /build/glibc-LK5gWL/glibc-2.23/elf/../string/bits/string2.h
961 1
+1 145
+1 46
-2 46
+2 46
-2 139
+2 1
-2 3
fe=(2)
766 2
+10 4
108 3
779 2
677 1
+5 5
-10 1
+4 1
+1 1
+1 1
+2 1
+2 1
cfi=(32)
cfn=(96)
calls=1 163 
* 2434
+1 3
+13 3
+84 1
-18 3
+21 9
-15 4
cfi=(18)
cfn=(46)
calls=1 61 
* 63
* 1
+1 2

fn=(152)
529 2
+2 4
cfi=(44) /build/glibc-LK5gWL/glibc-2.23/elf/dl-version.c
cfn=(154) _dl_check_all_versions
calls=1 380 
* 3232
* 2
+4 2

fn=(160)
589 1
+6 1
-6 1
+2 2
+4 1
+10 4
cfi=(17)
cfn=(36)
calls=1 103 
* 38
* 1
+11 1
-5 1
-7 1
+6 1
+2 1
-1 1
+5 1
+2 1
-1 1
+1 10
+2 8
+4 1
+2 1
-2 2
-5 8
+9 3
+3 1
cfi=(30)
cfn=(162)
calls=1 138 
* 71
+7 1
cfi=(30)
cfn=(164)
calls=1 354 
* 439
+1 1
-1 1
+1 1
+6 1
+3 1
-3 1
+3 6
+3 1
+2 1
+1 2

fn=(52)
710 10

fn=(102)
496 1
+2 1
-2 1
+3 8
cfi=(22)
cfn=(104)
calls=1 2189 
* 2358
* 1
+2 2

fl=(44)
fn=(158) match_symbol
76 66
+9 6
-8 6
-1 12
+1 6
+8 6
+6 18
+15 6
+1 12
+2 6
+5 12
+14 86
+12 111
+4 37
-30 74
+19 30
cfi=(19)
cfn=(54)
calls=6 +11 
* 209
* 12
+35 48

fn=(156) _dl_check_map_versions
189 12
-15 36
+17 4
+3 12
-3 4
+2 4
+1 4
+2 4
-3 4
+3 4
+3 4
+4 2
-4 2
+4 8
+17 2
56 4
220 2
56 10
+1 5
-1 10
+2 21
cfi=(34)
cfn=(106)
calls=7 288 
* 884
* 16
228 6
+5 16
+19 4
-15 102
cfn=(158)
calls=4 76 
* 581
* 8
cfn=(158)
calls=2 76 
* 182
* 6
+7 36
+3 18
+9 12
+14 4
+3 8
+10 28
-7 112
+3 84
-3 8
+3 6
+8 9
+87 8
-81 12
cfi=(17)
cfn=(36)
calls=3 103 
* 114
* 3
+1 3
-2 3
+2 3
+11 3
+2 3
-5 3
+3 3
+2 3
-2 3
+2 3
+3 8
+4 6
+18 4
-15 12
+2 12
-2 6
+2 6
+2 6
+1 6
-1 12
+1 6
-1 6
+1 6
+1 6
-2 6
+2 12
+1 18
+3 18
+8 6
+10 9
+3 8
+20 28
-14 60
-2 28
+7 56
+1 28
-1 84
+1 28
-1 28
+1 28
+1 28
+3 90
+10 27
183 2
-8 2
+95 4
-80 2

fn=(154)
380 5
+4 7
+2 28
cfn=(156)
calls=4 189 
* 3157
-2 4
+2 12
-1 4
-1 8
+5 7

fl=(41)
fn=(134)
161 1
-1 1
+1 1
-1 4
+1 1
-1 2
+1 1
-1 2
+1 1
-1 2
+1 3
-15 1
+15 1
-17 1
+1 1
+1 1
+6 4
+26 1
-26 1
+26 7
-34 1
+2 1
+33 2
-33 1
-2 1
+2 2
-2 1
+1 1
+1 1
+6 3
+26 1
-26 1
+26 5
+4 1
+21 1
+1 1
-22 2
+19 1
-12 1
+15 1
-16 2
+13 1
317 9
217 1
-4 1
-4 1
+8 4
-4 3
-4 3
+8 3
+12 8
+2 2
+11 2
-5 2
-6 4
+5 2
+2 4
+1 4
+3 14
+50 6
+1 3
-51 192
+1 96
+6 10
cfi=(27)
cfn=(74)
calls=2 24 
* 70
* 4
+5 10
-3 2
+3 2
cfi=(32)
cfn=(96)
calls=2 -91 
* 5715
+2 6
+15 2
+2 4
+5 2
+6 2
+2 2
-8 4
+3 2
+1 2
+1 2
+1 2
+4 12
+7 138
459 12
+2 6
+2 6
cfi=(17)
cfn=(40)
calls=2 94 
* 58
* 2
+2 2
-2 2
+2 2
+4 8
-1 2
+1 2
cfi=(18)
cfn=(46)
calls=2 61 
* 41
+1 10
cfi=(18)
cfn=(46)
calls=2 61 
* 41
+4 2
-1 2
+5 22
+7 6
+1 1
+3 5
+10 4
cfi=(17)
cfn=(40)
calls=1 94 
* 29
* 1
+3 1
-3 1
+3 1
+5 6
+1 1
-1 3
+1 2
+8 2
+4 3
-4 1
-6 3
-2 3
+8 6
+4 9
-4 3
-6 9
+13 3
+51 3
+2 3
+42 1
-4 1
+5 2
-1 4
+1 2
cfi=(26)
cfn=(72)
calls=1 53 
* 15
* 1
-2 9
+7 1
-1 1
+1 1
-1 2
+7 1
-7 1
+7 2
-13 2
+7 2
-1 2
+1 2
-1 4
+7 2
-7 2
+7 6
+2 8
+1 4
-1 4
+1 3
+2 9
+1 6
+28 18
cfi=(26)
cfn=(72)
calls=2 53 
* 37
* 10
-6 3
-28 6
+31 10
-6 2
+16 2
+2 1
+1 1
-1 1
+2 3
+7 3
+3 3
+3 8
481 9
-1 4
+1 9
202 2
+27 8
-19 4
+8 25
+2 2
+2 8
+2 30
338 6
611 8
cfi=(18)
cfn=(46)
calls=1 61 
* 28
+2 1
-38 1
+38 1
209 2

fn=(136)
60 4
+7 2
-4 22
cfi=(22)
cfn=(104)
calls=2 2189 
* 5557
* 2
+5 4

fl=(29)
fn=(90)
74 2

fn=(86)
50 8
+5 6
+5 2
-1 1
+1 2
+1 2
-1 1
+4 1
-13 4
+4 8
+4 1
-1 1
-58 4

fl=(11)
fn=(22)
66 13
+1 13
+1 13
+1 13
+1 13
+1 13
+1 13
+2 13
+2 13
+30 12
+1 12
+1 12
+1 12
+1 12
+1 6
+1 6
+4 6
+1 6
+1 6
+1 6
+1 6
+1 6
+1 6
+1 6
+1 6
+1 6
+1 6
+1 6
+5 48
+4 1
+1 14
+1 8

fl=(67)
fn=(262)
66 30
+5 30
-5 15
+3 30
+3 15
-1 30
-3 15
+5 90
+1 15
-1 15
+1 30
+5 30
+4 30
+4 45
+4 15
+1 75
+2 60
+7 30
-1 15
+1 15
+10 135
cfi=(6)
cfn=(172)
calls=15 806 
* 12149
* 15
+4 75
+10 90
+16 15
-8 15
+8 45
+4 45
fi=(5)
+92 15
fe=(67)
-88 45
fi=(102) /build/glibc-LK5gWL/glibc-2.23/elf/../sysdeps/x86_64/dl-irel.h
32 2
cob=(3)
cfi=(109) /build/glibc-LK5gWL/glibc-2.23/string/../sysdeps/x86_64/multiarch/memcpy.S
cfn=(500) memcpy@@GLIBC_2.14
calls=1 * 
* 7
cob=(3)
cfi=(103) /build/glibc-LK5gWL/glibc-2.23/string/../sysdeps/x86_64/multiarch/memset.S
cfn=(456) memset
calls=1 -4 
* 8
* 2
fe=(67)

ob=(3)
fl=(116) /build/glibc-LK5gWL/glibc-2.23/stdio-common/printf-parse.h
fn=(532) read_int
73 6
+12 6
-12 12
+2 42
+18 6

fl=(85) /build/glibc-LK5gWL/glibc-2.23/io/../sysdeps/unix/syscall-template.S
fn=(556) write
84 14
cfn=(558) __write_nocancel
calls=7 * 
* 35

fn=(346) open
84 2
cfn=(348) __open_nocancel
calls=1 * 
* 5

fn=(386) read
84 4
cfn=(388) __read_nocancel
calls=2 * 
* 10

fn=(558)
84 35

fn=(348)
84 5

fn=(388)
84 10

fl=(115) /build/glibc-LK5gWL/glibc-2.23/string/../sysdeps/x86_64/memcpy.S
fn=(530) __GI_mempcpy
61 56
+4 56
+3 56
+1 56
+2 34
+1 34
+2 34
+1 34
+5 34
+1 34
-1 22
+1 22
+2 21
+1 21
+2 21
+1 21
+5 21
+1 21
-1 35
+1 35
+2 25
+1 25
+2 25
+1 25
+5 25
+1 25
-1 31
+1 31
+2 7
+1 7
+2 7
+1 14
+5 7
+1 7
-1 49
+1 49
+21 56
+4 56

fl=(100) /build/glibc-LK5gWL/glibc-2.23/stdlib/../stdlib/strtol_l.c
fn=(432) ____strtol_l_internal
227 171
+26 38
+22 19
-1 19
+10 76
+9 114
+2 38
+5 38
+5 19
-6 19
+6 19
+4 38
+10 32
+10 57
526 152
311 6
+15 38
-79 19
371 19
+64 76
+38 19
-18 19
-4 19
+22 19
-19 19
-3 19
+4 19
-4 19
+4 38
-4 38
-14 72
-4 48
+2 115
+44 38
+5 38
+6 38
+3 57
-28 72
+3 96
+5 24
+1 96
+17 57
+17 38
348 76

fl=(126) /build/glibc-LK5gWL/glibc-2.23/stdlib/../sysdeps/x86_64/rshift.S
fn=(564) __mpn_rshift
29 6
+1 6
+1 6
+13 6
+1 6
+16 6
+1 6
+1 6
+1 6
+1 6
+1 6
+1 6
+5 6
+1 6
+1 6
+1 6
+1 6

fl=(89) /build/glibc-LK5gWL/glibc-2.23/libio/iogetdelim.c
fn=(366) getdelim
41 49
+5 35
+6 140
+1 14
+2 1
fi=(94) /build/glibc-LK5gWL/glibc-2.23/libio/libioP.h
866 14
+1 63
fe=(89)
124 63
-65 32
+2 1
+1 1
-1 1
+1 1
cob=(2)
cfi=(16)
cfn=(302)
calls=1 -62 
* 196
+1 1
-1 1
+1 1
+7 21
+1 14
-30 12
+70 24
cfi=(93) /build/glibc-LK5gWL/glibc-2.23/string/../sysdeps/x86_64/multiarch/../memcpy.S
cfn=(392) __GI_memcpy
calls=6 -50 
* 186
+1 6
+2 12
-29 30
cfi=(92) /build/glibc-LK5gWL/glibc-2.23/string/../sysdeps/x86_64/memchr.S
cfn=(390) memchr
calls=6 -60 
* 208
+1 6
-1 6
+1 12
+1 18
+1 24
+8 6
-1 12
+1 30
+22 24
-45 4
cfi=(83) /build/glibc-LK5gWL/glibc-2.23/libio/genops.c
cfn=(368) __underflow
calls=2 316 
* 467
* 7
+5 4

fl=(91) /build/glibc-LK5gWL/glibc-2.23/io/../sysdeps/unix/sysv/linux/wordsize-64/fxstat.c
fn=(378) _fxstat
34 2
-1 2
+1 2
+1 12
+4 2

fl=(106) /build/glibc-LK5gWL/glibc-2.23/stdlib/random_r.c
fn=(470) random_r
357 6400000
+5 1600000
-2 1600000
+2 3200000
+9 1600000
+1 1600000
+1 1600000
+3 3200000
+3 1600000
-3 1600000
+2 1600000
+2 1600000
-2 1600000
+5 1600000
-3 1600000
-20 1548387
+31 1548387
-31 1548387
+34 1548387
-2 3096774
-32 51613
+32 51613
-1 51613
+3 103226

fl=(51)
fn=(192)
30 1
+1 1
+1 1
+1 1
+1 1
+1 1

fl=(75)
fn=(324) malloc_consolidate
4144 4
-22 8
+23 3
+12 1
5002 1
4147 1
+11 1
-1 1
5004 1
-2 1
+2 5
4160 2
+1 2
-1 18
+1 39
+22 2
-1 2
+1 26
+4 8
+4 8
-3 8
+1 8
+2 8
+5 8
+1 8
+1 8
-2 8
+12 8
-12 8
+3 16
+9 8
-41 8
-3 8
+3 16
+1 8
+1 16
+2 16
+7 16
+3 16
+4 12
+23 14
+3 40
+6 8
4996 4
1808 3
-3 2
+3 378
-3 252
+7 3
+5 1
+2 1
-2 2
-1 3

fn=(422) _int_realloc
4226 1300
+21 390
+1 390
+11 390
+2 130
+1 390
+2 520
+6 260
+99 152
+2 152
+2 608
+1 76
+14 76
+1 808
4280 108
+13 29
-1 58
+12 116
cfn=(322) _int_malloc
calls=29 3349 
* 3284
+1 29
-1 29
+1 29
+9 116
+13 29
+3 58
+1 58
+2 58
+5 22
+3 22
-3 22
+1 44
+1 44
+1 22
+2 13
+2 13
-2 13
+1 26
+1 13
+2 4
+2 4
-2 4
+1 8
+1 4
+2 4
+1 4
+6 8
cfn=(436) _int_free
calls=2 3841 
* 148
* 108
cfn=(436)
calls=27 3841 
* 2053
+31 29
-29 29
+29 203
-55 21
cfi=(93)
cfn=(392)
calls=7 61 
* 573
* 7
-54 25
+1 25
-1 50
+4 150
+1 25
-1 25
+2 25
-2 25
+2 25
-2 25
+1 25
+1 25
+2 50

fn=(326) sysmalloc
2268 8
+20 1
+11 1
-11 1
+11 1
+1 5
fi=(77) /build/glibc-LK5gWL/glibc-2.23/malloc/arena.c
488 3
fe=(75)
2315 5
+65 1
+1 3
+10 1
-9 1
+9 5
+6 4
+3 3
2723 2
+1 1
+8 4
+5 1
-3 1
+3 1
-2 1
+2 3
+1 1
-1 1
-1 1
+4 1
-3 2
+1 1
+8 9
2463 1
-8 4
+8 1
+21 5
cfi=(80) /build/glibc-LK5gWL/glibc-2.23/malloc/morecore.c
cfn=(328) __default_morecore
calls=1 46 
* 62
* 1
+1 1
+3 4
+3 2
+1 2
+20 2
+26 2
+2 2
+6 1
-6 1
+6 1
2321 1
2464 1
+10 5
+8 1
-8 1
+8 1
+67 7
+37 2
+6 3
+19 1
+3 2
+1 5
+2 1
-2 1
+2 1
+1 3
cfi=(80)
cfn=(328)
calls=1 46 
* 25
+12 2
+8 1
+1 1
-1 2
+1 2
+39 1
+1 1
-2 1
+1 3
+12 1
-12 1
+1 1
+11 1
2539 5

fn=(442)
2934 29984685
+5 11993874
+1 11993874
+6 11993874
+5 2996937
-2 2996937
+2 5993874
+16 8990811
+1 5993874
cfn=(436)
calls=2996937 3841 
* 221773477
+1 35981622

fn=(304)
2902 8990814
+5 5993876
+1 5993876
+3 23975496
+2 8990811
cfn=(322)
calls=2996937 3349 
* 173831825
+3 2996937
-3 2996937
+3 2996937
+8 11987748
+2 32966307
+3 11987748
-18 17981622
-2 1
+20 3
-20 1
cfi=(76) /build/glibc-LK5gWL/glibc-2.23/malloc/hooks.c
cfn=(306) malloc_hook_ini
calls=1 29 
* 60098

fn=(400)
2974 1314
+7 292
+1 292
+4 290
+7 290
+6 130
-2 130
+2 130
+2 130
-2 130
+2 260
+17 1040
+2 260
+44 1314
-60 260
+39 780
+2 650
cfn=(422)
calls=130 4226 
* 13608
* 130
+2 520
+1 1300
-38 520
+1 260
-7 260
-21 2
cfi=(76)
cfn=(402) realloc_hook_ini
calls=1 37 
* 231
* 2
+11 30
cfn=(304)
calls=15 -92 
* 2834
* 30

fn=(322)
3349 8990901
-30 5993934
+30 2996967
-30 11987868
+30 8990901
-30 2996967
+30 8990901
+4 8990901
+14 5993934
+2 8990880
+2 2996960
-1 2996960
-1 2996960
+1 2996960
+5 5993920
+3 14984275
+1 2996855
-1 2996855
+1 5993710
+25 224
+2 330
+1 330
+2 110
-2 110
+2 220
+2 2
+37 14
+1 4
+1 4
cfn=(324)
calls=2 4144 
* 1057
3819 1568
-2 112
+2 112
-2 112
+2 224
5002 112
3817 112
+2 112
5004 112
3819 112
5004 112
3819 336
5004 224
3819 448
5002 224
3469 224
+66 24
+1 36
+1 12
-1 24
+51 60
+7 12
-6 12
+1 12
+1 12
+1 12
+3 12
3469 372
+3 18
-1 18
+1 36
+1 36
+3 18
+10 56
+34 13
-5 13
+1 13
+4 13
+13 24
3382 14984275
1879 2996859
3770 2996859
1879 5993718
3833 26972703
3487 20
+1 29
+5 5
-1 5
+5 5
-3 10
+1 5
+1 10
+1 5
+6 40
+2 15
+1 5
+3 5
1879 15
3603 212
+73 212
+1 212
+1 212
+1 212
+1 212
+5 228
+16 29
+2 58
-4 74
+8 8
+3 16
+2 4
+2 4
-1 4
-1 12
-27 4
+27 4
-27 4
+4 306
+3 404
-3 303
+3 400
-3 200
+3 297
3792 102
+3 102
-2 204
+2 204
+17 2
3523 1
-1 1
+1 2
1879 1
3526 1
1879 2
3605 6
+3 2
-3 2
+3 6
3448 3
1879 4
3719 8
+3 8
+5 4
-3 8
+3 4
-3 4
+3 48
+3 8
+3 1
-1 1
+1 3
+12 3
+1 6
-6 3
+17 3
-6 3
+1 3
+1 3
+1 3
+3 3
+1 3
+1 6
+5 3
+2 3
-2 21
+2 9
+1 9
+60 3
cfn=(326)
calls=1 2268 
* 249
+1 2
-28 101
-3 101
+1 101
+2 101
-1 101
+1 202
+2 101
-2 404
+2 101
+3 101
1879 303

fn=(436)
3841 26972694
+13 2996966
-13 2996966
+13 5993932
+6 11987864
+1 5993932
+11 11987864
+13 5993932
+11 11987836
+1 8990877
1886 2996959
3921 2996959
1886 5993918
3923 8990877
+1 5993918
+4 2996959
-4 2996959
+1 2996959
+9 20978713
+9 11987836
+1 21
+1 7
+2 21
-2 2996952
+2 17981733
4105 23975728
3960 14
+1 21
+9 3
-4 3
+4 9
3852 3
3976 14
+8 21
+6 14
+1 14
+1 14
1886 21
4001 14
+1 1
+2 1
-1 1
+2 14
+3 14
+5 14
+13 7
-1 7
+2 14
+7 7
-2 7
+1 7
+1 7
+2 1
+1 1
+2 1
+1 1
+2 3
+1 1
+30 2
-34 6
+1 6
+2 18
+1 6
+30 12
3962 20
+8 4
-4 4
+4 12
-7 8
4093 21
+1 12
+1 20
3949 11987822
+68 14
-41 35

fl=(120) /build/glibc-LK5gWL/glibc-2.23/stdlib/../sysdeps/x86_64/lshift.S
fn=(542) __mpn_lshift
29 6
+1 6
+2 6
+1 6
+1 6
+12 6
+1 6
+1 6
+1 6
+1 6
+1 6
+1 6
+6 6
+1 6
+1 6

fl=(130) /build/glibc-LK5gWL/glibc-2.23/stdlib/exit.c
fn=(592) exit
104 1
-1 1
+1 2
cfn=(594) __run_exit_handlers
calls=1 -69 
* 893

fn=(594)
35 8
+5 1
cfi=(131) /build/glibc-LK5gWL/glibc-2.23/stdlib/cxa_thread_atexit_impl.c
cfn=(596) __call_tls_dtors
calls=1 145 
* 11
* 1
+6 8
+4 6
+3 1
-1 1
+2 5
+33 1
+1 1
-1 1
+1 1
+6 2
+1 5
cfi=(83)
cfn=(634) _IO_cleanup
calls=1 948 
* 248
* 3
+2 2
cfi=(135) /build/glibc-LK5gWL/glibc-2.23/posix/../sysdeps/unix/sysv/linux/_exit.c
cfn=(644) _Exit
calls=1 -70 
* 5
-19 1
+4 1
-4 1
+2 1
+2 1
-2 2
+2 1
cob=(1)
cfi=(132)
cfn=(598)
calls=1 +48 
* 573
+1 1

fl=(105)
fn=(468)
288 1600000
+3 9600000
+2 4800000
cfi=(106)
cfn=(470)
calls=1600000 +64 
* 41548387
+2 6400000
+2 1600000
+1 3200000

fl=(131)
fn=(596)
145 3
+1 4
+18 4

fl=(61) /build/glibc-LK5gWL/glibc-2.23/ctype/ctype-info.c
fn=(238) __ctype_init
31 5
+2 1
+2 1
-4 1
+4 1
-4 1
+2 3
+2 3

fl=(76)
fn=(306)
29 4
fi=(77)
260 1
fe=(76)
30 1
fi=(77)
260 1
fe=(76)
30 1
fi=(77)
260 1
fi=(75)
2911 7
+2 3
cfn=(322)
calls=1 3349 
* 1035
+3 1
-3 1
+3 1
+8 4
+2 11
fe=(76)
33 4
fi=(75)
2911 6
+12 1
cfi=(77)
cfn=(310) ptmalloc_init.part.5
calls=1 258 
* 59012
* 1
-15 2
fe=(76)

fn=(402)
37 9
+1 1
+1 1
-1 1
fi=(77)
260 1
fe=(76)
39 1
fi=(77)
260 3
fi=(75)
2982 2
+4 2
+7 2
fe=(76)
42 9
fi=(75)
2994 2
cfn=(304)
calls=1 -92 
* 195
* 2
fe=(76)

fl=(69) /build/glibc-LK5gWL/glibc-2.23/stdlib/cxa_atexit.c
fn=(268) __cxa_atexit
57 5
-22 1
+22 1
-22 1
cfn=(270) __new_exitfn
calls=1 +38 
* 38
+2 2
+4 1
+3 1
+1 1
-4 2
+2 1
+4 1
+1 1
+11 4

fn=(270)
73 2
+6 1
-6 1
+6 1
-6 1
+6 4
+2 6
+2 3
-2 1
+10 2
-10 2
+45 1
+1 1
+3 4
+3 5
-21 1
+1 2

fl=(111)
fn=(514)
26 132
+4 119
+1 14
+1 14
+2 7
+1 21
-1 35
+1 7
cfi=(112) /build/glibc-LK5gWL/glibc-2.23/stdio-common/vfprintf.c
cfn=(516) vfprintf
calls=7 1236 
* 23050
+3 7
-3 7
+3 7
+1 14
fi=(124) /build/glibc-LK5gWL/glibc-2.23/debug/../libio/libioP.h
875 7
+1 14
+1 56
fe=(111)
43 42

fl=(83)
fn=(552) __overflow
230 99
+2 99
cfi=(84) /build/glibc-LK5gWL/glibc-2.23/libio/fileops.c
cfn=(522) _IO_file_overflow@@GLIBC_2.2.5
calls=33 808 
* 1089

fn=(634)
948 2
+3 1
-3 2
-50 1
+50 1
+3 1
cfn=(636) _IO_flush_all_lockp
calls=1 760 
* 90
-63 1
+63 1
-63 2
+10 3
+8 5
+2 2
+2 1
+1 1
-1 1
+2 2
+3 5
cfi=(84)
cfn=(638) _IO_file_setbuf@@GLIBC_2.2.5
calls=1 450 
* 66
+2 3
+4 2
+7 3
-40 9
+2 6
+2 7
+6 12
+65 7
-42 3
+1 8

fn=(640) _IO_default_setbuf
522 4
+1 1
-1 2
+1 1
cfi=(84)
cfn=(642) _IO_file_sync@@GLIBC_2.2.5
calls=1 868 
* 13
* 2
+9 1
-7 1
+7 1
-7 1
388 1
-5 1
+1 1
+4 1
535 1
+2 1
-2 2
+1 3
+2 4
381 1
527 1
+1 1
-1 1
+1 1
381 4

fn=(340) _IO_link_in
98 6
-1 2
+3 2
-3 1
+5 1
-2 1
+2 5
+1 10
+2 1
-2 1
+1 1
+1 1
-2 1
+2 1
-2 1
+2 13
+2 1
-2 1
+4 1
+2 1
-3 1
-1 1
+4 7
+2 1
-1 1
+1 8
+1 2
+3 5
-6 7

fn=(372) _IO_doallocbuf
395 4
-1 6
+3 8
+1 6
cfi=(90) /build/glibc-LK5gWL/glibc-2.23/libio/filedoalloc.c
cfn=(374) _IO_file_doallocate
calls=2 95 
* 1218
* 4
+3 8

fn=(336) _IO_old_init
586 1
-16 1
+1 1
+15 1
+5 1
-21 1
+2 1
+1 1
+1 1
+17 1
-16 1
+1 1
+1 1
+1 1
+1 1
+1 1
+2 1
+1 1
+1 1
+1 1
+6 1
+1 4

fn=(380) _IO_setb
380 9
+1 14
+3 3
+2 12
-3 3
+3 6
+3 12
-7 1
cob=(2)
cfi=(16)
cfn=(490)
calls=1 0 
* 150
* 5

fn=(578) _IO_un_link
60 4
-1 4
+5 6
+1 10
+2 1
-2 1
+1 1
+1 1
-2 1
+2 1
-2 1
+2 13
+2 1
-2 3
+2 2
+2 2
+13 1
+2 1
-2 1
+2 8
+2 1
-1 1
+1 8
+1 2
+3 5
-6 7
-13 1
+1 1
-1 2

fn=(582) _IO_unsave_markers
1049 1
-2 1
+2 1
+19 3
+2 1

fn=(636)
760 8
+6 3
+11 2
+16 2
-17 2
-1 2
+1 3
-1 1
+1 1
+3 9
+10 6
+4 3
-2 3
+2 6
+7 3
-27 6
+31 2
+2 2
+4 9
-38 1
-6 1
+5 1
+2 2
+6 12

fn=(334) _IO_no_init
599 9
+1 1
cfn=(336)
calls=1 -14 
* 25
+3 1
-2 1
+2 1
+2 1
+1 1
+1 1
+1 1
+1 1
+1 1
+1 1
+1 1
+1 1
+1 1
+1 1
+1 1
+2 1
+7 1
+1 6

fn=(382) _IO_switch_to_get_mode
176 4
-1 4
+1 2
+3 6
+5 2
-1 4
+1 2
+7 2
-4 2
+2 4
+2 2
+1 2
+1 4

fn=(526) _IO_default_xsputn
425 2
-3 10
+8 24
+25 37
cfi=(84)
cfn=(522)
calls=5 808 
* 165
* 10
+2 5
-2 10
+4 1
+1 1
-1 1
+1 5

fn=(590) _IO_default_finish
639 4
+2 3
+6 3
+3 3
60 2
662 4

fn=(368)
316 2
+2 7
+6 12
+3 4
+2 4
+6 4
+7 4
+1 2
-1 4
cfi=(84)
cfn=(370) _IO_file_underflow@@GLIBC_2.2.5
calls=2 539 
* 416
-24 2
+22 6

fl=(112)
fn=(516)
1236 56
+31 21
+8 22
+4 35
+11 35
+11 7
fi=(116)
108 21
fe=(112)
1316 7
-15 35
fi=(116)
108 7
cfi=(113) /build/glibc-LK5gWL/glibc-2.23/string/../sysdeps/x86_64/strchr.S
cfn=(518) strchrnul
calls=7 -84 
* 140
fe=(112)
1316 7
fi=(116)
108 7
fe=(112)
1312 7
+4 14
+4 56
cfi=(84)
cfn=(520) _IO_file_xsputn@@GLIBC_2.2.5
calls=7 -33 
* 2005
* 28
1685 35
+1 14
+2 7
+1 56
1275 12
+41 42
+1 42
+3 14
+4 7
-4 7
+4 14
+4 84
1552 14
-21 14
1632 14
-1 14
1370 465
-7 31
-1 31
-3 31
-1 31
+8 31
+4 31
-3 31
-10 31
-1 31
-1 31
-1 31
-1 31
+14 31
-15 31
-1 31
-1 31
-1 31
+18 62
1649 31
+2 62
+8 31
fi=(116)
108 62
fe=(112)
1659 31
fi=(116)
108 31
fe=(112)
1659 31
fi=(116)
108 62
cfi=(113)
cfn=(518)
calls=31 -84 
* 620
fe=(112)
1663 31
-4 31
+4 341
cfi=(84)
cfn=(520)
calls=31 1287 
* 3245
* 403
+2 69
-39 96
-1 6
-1 6
+2 12
+5 969
cfi=(84)
cfn=(520)
calls=19 1287 
* 1673
* 190
+1 38
-1 228
cfi=(114) /build/glibc-LK5gWL/glibc-2.23/stdio-common/_itoa.c
cfn=(528) _itoa_word
calls=19 168 
* 1054
* 622
-43 18
+43 223
cfi=(83)
cfn=(552)
calls=6 230 
* 234
* 410
cfi=(117) /build/glibc-LK5gWL/glibc-2.23/stdio-common/printf_fp.c
cfn=(534) __printf_fp
calls=6 1257 
* 7622
* 132
1523 18
+1 18
+26 6
+14 6
-14 12
+38 84
-36 24
cfi=(116)
cfn=(532)
calls=6 73 
* 72
* 6
+4 24
+9 30
+66 182

fl=(90)
fn=(374)
95 10
+15 12
cfi=(84)
cfn=(376) _IO_file_stat
calls=2 1229 
* 28
* 4
+2 8
+11 6
+4 4
cob=(2)
cfi=(16)
cfn=(302)
calls=2 0 
* 1070
* 2
+2 2
-1 4
+2 8
cfi=(83)
cfn=(380)
calls=2 380 
* 36
+1 2
+1 10
-15 1
-2 9
+5 2

fl=(114)
fn=(528)
168 76
+2 38
+9 902
+9 38

fl=(52)
fn=(194)
37 1
-1 1
+1 6
fi=(48) /build/glibc-LK5gWL/glibc-2.23/time/../sysdeps/generic/dl-hash.h
+11 3
+14 4
-17 3
+3 9
+14 12
-17 9
fe=(52)
-8 3
+3 2
-3 1
+3 1
cfi=(49) /build/glibc-LK5gWL/glibc-2.23/elf/../sysdeps/unix/sysv/linux/dl-vdso.c
cfn=(184) _dl_vdso_vsym
calls=1 -13 
* 6
+1 3
+1 2

fl=(113)
fn=(518)
24 38
+1 38
+1 38
+1 38
+1 38
+1 38
+1 38
+1 38
+1 38
+1 38
+1 38
+1 38
+1 38
+1 38
+1 38
+1 38
+1 38
+1 38
+2 38
+7 38

fl=(49)
fn=(184)
27 8
+4 8
-3 8

fl=(104)
fn=(458)
38 100001
+1 100001
+1 100001
+1 100001
+1 100001
+1 100001
+1 100001
+1 100001
+1 100001
+1 100001
+1 100001
+21 100001
+1 100001
+13 100001
+1 100001
+9 100001
+1 100001
+1 100001

fl=(53)
fn=(198)
0 11

fl=(86) /build/glibc-LK5gWL/glibc-2.23/string/../string/strstr.c
fn=(350) __GI_strstr
53 7
+10 3
+2 2
+1 1
+23 8
-26 1
-5 2

fl=(108)
fn=(486) msort_with_tmp.part.0
40 15000000
+8 3000000
-8 6000000
+8 3000000
+3 3000000
-11 6000000
+9 3000000
+2 3000000
-11 9000000
+11 3000000
-6 15000000
cfn=(487) msort_with_tmp.part.0'2
calls=3000000 -5 
* 580033508
* 18000000
cfn=(487)
calls=3000000 -5 
* 963877304
+11 3000000
+1 3000000
-1 3000000
+2 3000000
-1 3000000
+2 3000000
+1 3000000
-1 3000000
+1 6000000
+98 6000000
+2 18000000
+1 21000000
-1 3000000
cfi=(93)
cfn=(392)
calls=3000000 -99 
* 85601382
-1 234655
cfi=(93)
cfn=(392)
calls=46931 -98 
* 858499
* 46931
-78 15000000
+10 819894
+2 819894
-1 1639788
+3 819894
-14 1639788
+11 8950316
+3 8950316
-14 31534914
+2 39080840
cob=(5)
cfi=(107)
cfn=(488)
calls=9770210 -74 
* 73204719
* 19540420
+2 8950316
+2 8950316
-1 17900632

fn=(487)
40 75000000
+8 15000000
-8 30000000
+8 15000000
+3 15000000
-11 30000000
+9 15000000
+2 15000000
-11 45000000
+11 15000000
-6 39000000
cfn=(487)
calls=3000000 -5 
* 285550695
* 54000000
cfn=(487)
calls=6000000 -5 
* 565046692
+11 15000000
+1 15000000
-1 15000000
+2 15000000
-1 15000000
+2 15000000
+1 15000000
-1 15000000
+1 30000000
+98 30000000
+2 90000000
+1 105000000
-1 15000000
cfi=(93)
cfn=(392)
calls=15000000 -99 
* 289588633
-1 3097905
cfi=(93)
cfn=(392)
calls=619581 -98 
* 11215818
* 619581
-78 75000000
+10 1059044
+2 1059044
-1 2118088
+3 1059044
-14 2118088
+11 17367747
+3 17367747
-14 42828238
+2 73707164
cob=(5)
cfi=(107)
cfn=(488)
calls=18426791 -74 
* 146380101
* 36853582
+2 17367747
+2 17367747
-1 34735494

fn=(484) qsort_r
166 36000000
+6 3000000
-6 3000000
+6 3000000
-5 3000000
+8 6000000
+64 3000000
-5 3000000
+1 3000000
+1 3000000
+1 3000000
+2 3000000
+61 24000000
177 3000000
-9 3000000
+9 18000000
300 6000000
-15 6000000
+2 6000000
+2 6000000
45 21000000
cfn=(486)
calls=3000000 -5 
* 2033454326
299 6000000
cob=(2)
cfi=(16)
cfn=(490)
calls=3000000 0 
* 54000000
* 3000000
-9 6000000
+1 6000000

fn=(482)
308 6000000
cfn=(484)
calls=3000000 166 
* 2273454326

fl=(133)
fn=(620)
31 4
+17 1
-17 4
+4 4
+4 6
-4 3
+32 4
+4 6
-4 3
+12 2
+3 1
-2 1
+2 6
-2 1
cfi=(134) /build/glibc-LK5gWL/glibc-2.23/nptl/unregister-atfork.c
cfn=(622) __unregister_atfork
calls=1 -52 
* 10

fl=(68) /build/glibc-LK5gWL/glibc-2.23/csu/../csu/libc-start.c
fn=(266) (below main)
134 7
+4 1
-4 3
+4 3
+82 1
-82 1
+82 1
+1 4
cfi=(69)
cfn=(268)
calls=1 57 
* 60
+22 4
+3 2
+1 5
cob=(5)
cfi=(65)
cfn=(272)
calls=1 0 
* 56
+4 4
+15 2
+12 2
cfi=(70) /build/glibc-LK5gWL/glibc-2.23/setjmp/../sysdeps/x86_64/bsd-_setjmp.S
cfn=(286) _setjmp
calls=1 30 
* 30
+1 2
+5 2
+1 2
+3 2
+3 6
cob=(5)
cfi=(73)
cfn=(292)
calls=1 37 
* 5293397445
+34 2
cfi=(130)
cfn=(592)
calls=1 104 
* 897
138 2

fl=(127) /build/glibc-LK5gWL/glibc-2.23/stdlib/divrem.c
fn=(566) __mpn_divrem
46 120
+3 30
+13 15
+1 15
-16 15
+18 30
+6 30
+1 52
+1 11
-1 22
+1 22
-1 22
+4 30
+3 15
234 15
81 15
234 105
67 3
+1 6

fl=(109)
fn=(500)
32 1
+2 1
+1 1
+6 1
+1 1
+1 1
+1 1

fl=(84)
fn=(342) _IO_file_fopen@@GLIBC_2.2.5
249 7
+11 2
+2 3
+25 12
+41 6
cfn=(344) _IO_file_open
calls=1 214 
* 45
+3 1
-3 1
+3 1
+17 3
cfi=(86)
cfn=(350)
calls=1 53 
* 24
+1 1
-1 1
+1 1
-83 1
-1 1
-15 2
425 1
-76 1
+76 7

fn=(338) _IO_file_init@@GLIBC_2.2.5
144 2
+4 1
-4 2
+5 1
-1 1
+3 1
cfi=(83)
cfn=(340)
calls=1 -53 
* 81
+1 1
+1 4

fn=(344)
214 6
+3 2
+8 2
+3 2
+3 1
-3 1
-1 1
+1 2
+3 1
-3 1
+3 1
+10 2
cfi=(83)
cfn=(340)
calls=1 98 
* 4
+1 1
+1 4
-22 4
cfi=(85)
cfn=(346)
calls=1 84 
* 7
* 3

fn=(370)
539 6
+6 6
-14 8
+17 4
+13 4
+20 4
cfi=(83)
cfn=(382)
calls=2 176 
* 40
+6 2
+5 8
-5 4
+1 2
+2 2
-1 4
+3 2
cfn=(384) _IO_file_read
calls=2 1216 
* 22
+2 4
+16 1
-9 1
+9 2
+2 2
+1 4
-16 1
-1 1
+1 2
+10 1
+6 1
-5 1
+5 3
-62 3
+5 2
cfi=(83)
cfn=(372)
calls=1 395 
* 267
* 2

fn=(376)
1229 2
+1 6
cfi=(91)
cfn=(378)
calls=2 34 
* 20

fn=(520)
1287 57
-1 114
-6 510
+13 204
+17 4
+4 50
+5 200
cfi=(115)
cfn=(530)
calls=50 61 
* 1031
* 50
+6 50
-1 50
+1 100
+2 100
+27 102
+1 414
-24 5
cfn=(522)
calls=1 808 
* 1041
* 2
+6 16
+1 24
+2 24
+11 16
+1 4
cfi=(83)
cfn=(526)
calls=1 425 
* 271
* 2
-57 150
+1 100
+3 150
+2 652
-2 502
+39 32
-35 7
+11 35
+17 28
cfn=(522)
calls=7 808 
* 812
* 14

fn=(524) _IO_do_write@@GLIBC_2.2.5
494 24
+1 1
-3 56
+11 14
+7 28
+8 35
cfn=(554) _IO_file_write@@GLIBC_2.2.5
calls=7 1258 
* 308
* 7
+1 35
+6 7
-4 7
+4 7
-4 21
+1 14
+3 7
-2 7
-29 28
+1 42
+29 14

fn=(642)
868 1
+5 1
-5 1
+5 3
+2 1
+1 2
+17 2
+4 2

fn=(522)
808 138
+7 46
-8 230
+8 226
+35 92
+3 76
+3 114
+1 114
+1 152
+4 38
+1 152
-45 2
+12 2
+9 4
+8 1
-4 1
+3 2
-2 2
-3 1
+1 2
+5 1
-1 1
+1 3
+1 2
+3 16
+12 24
-12 8
cfn=(524)
calls=8 494 
* 662
-31 2
cfi=(83)
cfn=(372)
calls=1 395 
* 987
+1 6

fn=(554)
1258 7
-2 42
+2 28
+4 14
+1 14
+10 21
+3 42
-13 28
cfi=(85)
cfn=(556)
calls=7 84 
* 49
+1 14
+5 7
+1 7
-12 35

fn=(584) _IO_file_close
1250 5
+1 1

fn=(384)
1216 8
cfi=(85)
cfn=(386)
calls=2 84 
* 14

fn=(580) _IO_file_close_it@@GLIBC_2.2.5
160 3
-2 2
+9 1
-9 1
+5 5
+6 1
+3 1
-3 1
cfi=(83)
cfn=(582)
calls=1 1049 
* 7
+3 2
+4 3
+9 5
cfi=(83)
cfn=(380)
calls=1 380 
* 179
+1 2
+3 1
-3 1
+1 3
+2 1
cfi=(83)
cfn=(578)
calls=1 60 
* 3
+5 2
-4 1
+1 1
+1 1
+2 1
+1 4
-23 3
cfn=(584)
calls=1 1250 
* 6
* 2

fn=(588) _IO_file_finish@@GLIBC_2.2.5
200 1
+1 1
-1 1
+1 1
+6 2
+1 1
-1 1
cfi=(83)
cfn=(590)
calls=1 639 
* 19

fn=(638)
450 2
+1 1
cfi=(83)
cfn=(640)
calls=1 +71 
* 51
* 2
+4 2
-1 2
+2 3
+2 1
+1 2

fl=(77)
fn=(310)
258 6
+13 1
-8 1
+8 1
+6 3
+2 5
+16 2
-56 217
-18 654
+2 434
+1 2
+1 2
340 2
+6 2
+1 2
+2 1
+1 7
-78 5
cfi=(78) /build/glibc-LK5gWL/glibc-2.23/elf/dl-addr.c
cfn=(312) _dl_addr
calls=1 126 
* 57659
* 2
+1 4

fl=(81) /build/glibc-LK5gWL/glibc-2.23/misc/sbrk.c
fn=(330) sbrk
34 2
+8 2
-8 6
+8 9
+4 4
+4 6
+12 5
-19 2
cfi=(82) /build/glibc-LK5gWL/glibc-2.23/misc/../sysdeps/unix/sysv/linux/x86_64/brk.c
cfn=(332) brk
calls=1 -12 
* 12
* 4
+15 2
cfi=(82)
cfn=(332)
calls=1 -27 
* 12
* 2
+4 5

fl=(134)
fn=(622)
28 4
+8 1
+3 2
+82 3

fl=(121) /build/glibc-LK5gWL/glibc-2.23/stdlib/../sysdeps/x86_64/mul_1.S
fn=(546) __mpn_mul_1
32 27
+3 27
+1 27
+1 27
+1 27
+1 27
+2 27
+1 27
+2 27
+1 27
+1 27
+1 27
+1 27
+2 27
+1 27
+1 27
+1 27
+69 27
+2 27
+3 27

fl=(82)
fn=(332)
31 16
+8 2
-6 4
+7 2

fl=(92)
fn=(390)
25 6
+1 6
+2 6
+1 6
+1 6
+1 6
+2 6
+1 6
+2 6
+1 6
+2 4
+1 4
+1 4
+1 4
+2 4
+1 4
+1 4
+1 4
+1 4
+1 4
+1 4
+1 4
+1 4
+1 2
+4 2
+1 2
+1 2
+2 2
+2 2
+2 2
+1 2
+1 2
+12 2
+1 2
+1 2
+1 2
+1 2
+1 3
+4 1
+1 1
+1 1
+1 1
+1 1
-4 2
+1 2
+1 2
+1 2
+1 2
199 3
+1 3
+2 1
+1 1
+1 1
+1 1
+1 1
+2 1
+1 1
+1 1
+1 1
+1 1
+19 2
+1 2
+1 2
+1 2
+1 2
+1 2
+19 3
+1 3
+1 3
+4 1
+1 1
+1 1
+10 2
+1 2
+1 2
+1 2
+1 2

fl=(74) /build/glibc-LK5gWL/glibc-2.23/libio/iofopen.c
fn=(352) __fopen_maybe_mmap
41 1
-2 1
+2 1
+15 1

fn=(300) __fopen_internal
61 6
+8 1
-8 2
+8 1
cob=(2)
cfi=(16)
cfn=(302)
calls=1 -69 
* 60111
+2 3
+3 1
+3 4
-3 1
+3 2
cfi=(83)
cfn=(334)
calls=1 599 
* 58
+4 1
+1 1
-1 1
+1 1
cfi=(84)
cfn=(338)
calls=1 +62 
* 94
+4 5
cfi=(84)
cfn=(342)
calls=1 249 
* 121
* 1
+1 1
-1 1
+6 5
-5 1
cfn=(352)
calls=1 -46 
* 4

fn=(298) fopen@@GLIBC_2.2.5
97 2
cfn=(300)
calls=1 -36 
* 60427

fl=(60) /build/glibc-LK5gWL/glibc-2.23/string/../sysdeps/x86_64/strrchr.S
fn=(236) rindex
24 1
+1 1
+1 1
+1 1
+1 1
+1 1
+1 1
+1 1
+1 1
+1 1
+1 1
+1 1
+1 1
+1 1
+1 1
+1 1
+1 1
+1 1
+1 1
+1 1
+1 1
+1 1
+1 1
+1 1

fl=(62)
fn=(242) handle_intel
262 4
-1 4
+17 2
-17 12
+14 2
+1 4
-3 6
+23 8
cfn=(244) intel_check_word
calls=2 133 
* 666
+1 4
+3 10
cfn=(244)
calls=2 133 
* 238
+1 4
-17 4
+5 2
-5 6
+5 2
+2 2
+1 2
-1 4
+27 16

fn=(244)
133 8
+6 4
-7 20
+7 16
-7 4
+7 4
+2 4
-2 4
+2 4
+68 8
+3 24
-69 4
+2 8
-2 6
+2 12
+8 20
+51 16
+22 8
fi=(63) /build/glibc-LK5gWL/glibc-2.23/string/../bits/stdlib-bsearch.h
27 8
+1 16
+3 16
+1 8
fe=(62)
+89 16
fi=(63)
-90 12
+1 6
fe=(62)
+89 12
+3 54
fi=(63)
-95 44
+2 44
-2 44
+2 80
+1 40
fe=(62)
+89 80
251 8
141 16
-6 2
256 24
fi=(63)
37 10
-8 24
fe=(62)
165 6
+3 6
+4 4
+2 4
+1 14
+2 7
-12 2
+12 2
+1 10
+1 10
+1 6
+17 3
-32 9
+3 9
+4 6
+2 6
+1 12
+2 12
+5 2
+2 4
+2 32

fn=(240)
482 2
+12 1
-12 3
+12 3
+2 4
cfn=(242)
calls=1 262 
* 455
+4 2
-4 1
+4 1
cfn=(242)
calls=1 262 
* 547
+2 1
-2 1
-1 1
+3 1
+9 2
+2 1
+1 1
+2 1
+5 2
+9 4
-9 4
+9 16
-9 12
+6 8
+69 4
+1 5
+55 2
+2 1
+1 1
+2 1
-3 1
+5 1
-5 1
+4 3
+4 2
+2 1
+1 1
+2 1
-3 1
+5 1
-5 1
+4 2
+3 1
-3 1
+3 5
532 1
+32 1
-26 6
+7 5
+2 1
+1 1
+1 2
-4 4
+2 1
+1 1
+1 6
+2 2
-6 2
+6 2
+5 1
+2 2
+1 1
-1 1
+1 3
+6 1
-1 1
+1 5

fl=(93)
fn=(392)
61 18666531
+2 18666531
+2 18666531
+3 18425990
+1 18425990
+2 6
+1 6
+2 6
+1 6
+5 6
+1 6
-1 18425984
+1 18425984
+11 18425990
+1 18425990
+2 6
+1 6
+2 6
+1 6
+5 6
+1 6
-1 18425984
+1 18425984
+2 15168270
+1 15168270
+2 15168270
+1 15168270
+5 15168270
+1 15168270
-1 3257720
+1 9487787
+5 6230067
+1 6230067
+1 6230067
+1 6230067
+2 6230067
+2 6230067
+1 6230067
+2 6230067
+8 18425990
+8 483135
+6 483135
+2 483135
+1 483135
+26 483135
+1 483135
+3 483135
+1 483135
+1 483135
+5 483143
+2 483143
+1 483143
+1 483143
+1 483143
+2 483143
+1 483143
+1 483143
+1 483143
+2 483143
+1 483143
+2 483143
+2 11
+2 11
+1 11
+1 11
+1 11
+2 11
+1 11
+1 11
+1 11
+2 11
+1 11
+2 17
+5 3
+6 3
+1 3
-7 483132
+6 483132
+1 483132
+2 240541

fl=(70)
fn=(286)
30 1
+2 1
cfi=(71) /build/glibc-LK5gWL/glibc-2.23/setjmp/../sysdeps/x86_64/setjmp.S
cfn=(288) __sigsetjmp
calls=1 -6 
* 28

fl=(95)
fn=(414)
66 72
+1 72
+1 72
+1 72
+1 72
+1 72
+1 72
+2 72
+2 72
+30 72
+1 72
+1 72
+1 72
+1 72
+1 6
+1 6
+4 66
+1 66
+1 66
+1 66
+1 66
+1 66
+1 66
+1 66
+1 66
+1 66
+1 66
+1 66
+5 528

fl=(71)
fn=(288)
26 1
+9 1
+1 2
+1 1
+4 1
+1 1
+1 1
+1 1
+1 1
+2 2
+2 1
+1 1
+1 1
+2 2
+2 1
+9 1
cfi=(72) /build/glibc-LK5gWL/glibc-2.23/setjmp/sigjmp.c
cfn=(290) __sigjmp_save
calls=1 -36 
* 9

fl=(56)
fn=(228)
52 8
+6 3
+14 1
fi=(58) /build/glibc-LK5gWL/glibc-2.23/csu/../sysdeps/unix/sysv/linux/x86_64/init-first.c
-36 1
fe=(56)
+34 1
+1 1
fi=(58)
-35 3
fe=(56)
+36 1
fi=(58)
-36 3
fi=(57) /build/glibc-LK5gWL/glibc-2.23/csu/../sysdeps/generic/dl-hash.h
+12 3
+14 4
-17 3
+3 9
+14 12
-17 9
fi=(58)
-9 3
+2 2
-2 1
+2 2
cfi=(49)
cfn=(184)
calls=1 -11 
* 6
+1 2
+5 2
-3 2
+1 1
+2 1
cfi=(49)
cfn=(184)
calls=1 -17 
* 6
fe=(56)
+42 3
fi=(58)
-41 2
+1 1
fe=(56)
+40 1
cfi=(59) /build/glibc-LK5gWL/glibc-2.23/misc/init-misc.c
cfn=(234) __init_misc
calls=1 -55 
* 48
+8 1
cfi=(61)
cfn=(238)
calls=1 -63 
* 16
+5 6
-34 1
-7 1
+7 4
fi=(58)
-25 2
fe=(56)

fl=(59)
fn=(234)
31 2
-1 3
+1 4
+2 3
cfi=(60)
cfn=(236)
calls=1 -9 
* 24
+4 5
+1 3
+2 4

fl=(103)
fn=(456)
28 1
+1 1
+1 1
+1 1
+1 1
+2 1
+1 1
+5 1

fl=(88)
fn=(364)
32 21
cfi=(89)
cfn=(366)
calls=7 +9 
* 1747

fl=(47)
fn=(180)
38 1
-1 1
+1 6
fi=(48)
+10 3
+14 4
-17 3
+3 9
+14 12
-17 9
fe=(47)
-7 3
+3 2
-3 1
+3 1
cfi=(49)
cfn=(184)
calls=1 -14 
* 6
+1 3
+1 2

fl=(99)
fn=(430)
106 76
cfi=(100)
cfn=(432)
calls=19 227 
* 2100

fl=(72)
fn=(290)
28 1
+1 1
-1 2
+1 2
+5 3

fl=(50)
fn=(190)
45 1
+1 1
+1 1
+1 1
+1 1
+1 1

fn=(186)
45 1
+1 1
+1 1
+1 1
+1 1
+1 1

fl=(129) /build/glibc-LK5gWL/glibc-2.23/libio/iofclose.c
fn=(576) fclose@@GLIBC_2.2.5
39 3
+14 1
-14 1
+14 2
+9 4
cfi=(84)
cfn=(588)
calls=1 200 
* 27
+1 3
+18 6
+3 2
cob=(2)
cfi=(16)
cfn=(490)
calls=1 -84 
* 131
+4 5
-34 1
cfi=(83)
cfn=(578)
calls=1 +6 
* 88
+2 19
+1 2
+1 2
cfi=(84)
cfn=(580)
calls=1 160 
* 243
* 3
fi=(94)
866 2
+1 9
fe=(129)
78 2

fl=(135)
fn=(644)
27 2
+4 1
+2 2

fl=(78)
fn=(312)
126 9
+5 1
-5 2
+5 2
cob=(1)
cfi=(2)
cfn=(50)
calls=1 704 
* 2
+2 2
cob=(1)
cfi=(66)
cfn=(261)
calls=1 -62 
* 1180
* 5
+2 2
30 1
+1 1
-1 1
+1 1
+3 2
+5 1
+6 1
-7 1
+2 2
+2 1
-2 1
+2 1
+3 1
+5 8
+2 1
+1 2
-1 1010
+1 2020
+2 3628
+9 2010
+7 24
-2 24
+2 2259
-2 2211
+2 5750
-10 11175
+2 8940
+1 14318
+7 1011
-21 2022
+49 3
+1 1
+1 3
+3 2
+37 2
cob=(1)
cfi=(2)
cfn=(52)
calls=1 710 
* 2
+3 9
-28 1
+1 1
+21 2

fl=(64)
fn=(248)
33 3
+1 1

fl=(125) /build/glibc-LK5gWL/glibc-2.23/stdlib/cmp.c
fn=(562) __mpn_cmp
35 9
+2 4
+1 4
+1 8
+8 15

fl=(80)
fn=(328)
46 2
+1 2
cfi=(81)
cfn=(330)
calls=2 -13 
* 73
+1 6
+4 4

fl=(119) /build/glibc-LK5gWL/glibc-2.23/stdlib/../sysdeps/ieee754/dbl-64/dbl2mpn.c
fn=(540) __mpn_extract_double
37 6
-4 6
+4 12
+1 6
+9 12
+9 6
-18 18
+18 6
-18 6
+9 6
+9 6
+47 12
+4 6
-4 6
+4 6

fl=(110)
fn=(502)
41 1220030
+4 1220030
+1 1220030
+1 1220030
+1 1220030
+1 1220030
+1 1220030
+38 1220030
+1 1220030
+23 1220030
+1 1220030
+13 1220030
+1 1220030
+1 1220030
+1 1220030
+1 1220030

fl=(46)
fn=(178)
109 1
+1 1
+1 1
+1 1
+10 1

fn=(188)
129 1
+1 1
+1 1
+1 1
+10 1

fl=(117)
fn=(536) __printf_fp_l
215 60
+39 6
-39 6
+30 6
+16 6
-7 18
+10 6
-10 12
+10 6
fi=(118) /build/glibc-LK5gWL/glibc-2.23/stdio-common/../include/../locale/localeinfo.h
+42 18
fe=(117)
-39 12
+18 18
+33 6
-2 12
+16 6
+2 6
-2 6
+46 6
+3 12
+14 24
+16 48
cfi=(119)
cfn=(540)
calls=6 37 
* 120
+4 6
-4 6
+4 12
+36 6
+12 6
-9 54
+1 30
+1 12
+1 12
-2 6
+1 6
-1 6
+2 6
+7 6
-8 6
+1 6
+7 6
638 6
806 12
cfi=(120)
cfn=(542)
calls=3 29 
* 45
+1 15
+1 3
+14 6
-10 3
+10 3
-10 3
+10 6
+2 3
-2 3
+2 3
-2 6
-10 3
+10 3
-10 3
+10 6
+2 3
-2 3
+2 3
+10 12
+48 6
-61 6
+61 12
+14 42
+7 6
fi=(137) /build/glibc-LK5gWL/glibc-2.23/stdio-common/../sysdeps/pthread/allocalim.h
29 12
fe=(117)
913 42
+4 6
-3 12
+3 12
+3 24
-6 48
+9 18
cfn=(544) hack_digit
calls=6 169 
* 443
* 9
cfn=(544)
calls=3 169 
* 315
-3 9
+3 9
-3 39
+7 30
+2 12
-4 6
+4 12
+12 18
+1 42
+1 72
+1 12
172 12
946 12
172 24
+2 36
+8 18
+21 18
cfi=(121)
cfn=(546)
calls=6 32 
* 120
+1 12
+1 30
947 6
+1 6
+2 12
-3 6
+1 6
+2 12
1250 54
473 9
+16 6
248 27
524 3
-1 3
+1 9
-1 3
+1 6
cfi=(93)
cfn=(392)
calls=3 61 
* 69
* 3
+16 9
+11 39
-2 39
+2 114
-57 36
+4 180
-4 3
+4 15
+2 6
-65 24
186 36
cfi=(127)
cfn=(566)
calls=6 46 
* 240
+2 24
+3 6
-2 6
+3 6
-1 6
+1 36
-16 12
+1 6
-1 6
+1 12
-1 6
+1 6
cfi=(121)
cfn=(546)
calls=6 32 
* 120
* 30
944 18
+15 30
+1 18
cfn=(544)
calls=6 169 
* 460
+2 24
+1 6
-1 6
fi=(122) /build/glibc-LK5gWL/glibc-2.23/stdio-common/../sysdeps/generic/get-rounding-mode.h
94 6
+1 30
fe=(117)
1078 24
+7 12
+3 12
+13 18
+46 36
+2 36
+2 6
-2 6
+2 24
+96 24
540 9
cfi=(125)
cfn=(562)
calls=3 35 
* 40
* 12
+3 15
cfi=(93)
cfn=(392)
calls=3 61 
* 69
+1 9
+1 9
+1 3
-2 3
+1 3
+1 6
-1 3
+1 6
+6 3
+6 3
-6 3
+6 3
+4 21
+35 18
+16 3
+2 3
-2 6
+2 3
-2 6
cfi=(126)
cfn=(564)
calls=3 29 
* 51
+16 9
-1 3
+1 12
cfi=(126)
cfn=(564)
calls=3 29 
* 51
+4 21
-1 6
248 6
1154 12
+7 24
+9 18
+7 6
+3 6
-3 18
+5 12
cfi=(95)
cfn=(414)
calls=6 66 
* 96
* 6
+2 18
+5 18
+2 6
-2 6
+2 6
-2 6
+2 6
+18 78
+3 42
+3 42
-6 81
+1 81
+1 24
cfi=(115)
cfn=(530)
calls=6 61 
* 108
* 6
fi=(122)
95 12
fi=(123) /build/glibc-LK5gWL/glibc-2.23/stdio-common/../include/rounding-mode.h
-43 28
fe=(117)
1156 18
837 6
-1 6
+1 24
+3 18
+2 6
-3 6
-1 6
+4 6
+2 12
-7 6
+5 6
-5 12
984 9
+5 24
+5 9
+4 6
+11 12
594 9
481 45
cfi=(120)
cfn=(542)
calls=3 29 
* 45
+4 27
+1 3
-1 3
+1 3
+1 15
1239 18
+7 12
967 42
1219 12
+17 30
-78 12
+78 339
cfi=(83)
cfn=(552)
calls=27 230 
* 1053
* 54
-34 36
-43 24
566 6
+2 3
-2 3
+2 24
1185 12

fn=(534)
1257 6
-1 6
+1 24
cfn=(536)
calls=6 215 
* 7586

fn=(544)
169 45
+3 45
+2 60
+8 27
+21 27
cfi=(121)
cfn=(546)
calls=9 32 
* 180
+1 18
+1 30
+4 45
-23 54
cfi=(127)
cfn=(566)
calls=9 46 
* 333
+2 36
+3 9
-2 9
+3 9
-1 9
+1 54
-16 12
+1 6
-1 6
+1 12
-1 6
+1 6
cfi=(121)
cfn=(546)
calls=6 32 
* 120
* 6
+32 54

ob=(4)
fl=(55)
fn=(612)
0 8
cob=(2)
cfi=(16)
cfn=(618)
calls=1 0 
0 57
0 1
cfn=(626) 0x0000000000000580
calls=1 0 
0 9
0 3

fn=(626)
0 9

fn=(220)
0 17

totals: 5293492262
